No	Name	PK		S5GHz	Diam	Ref	Tb	DMi	DTb	Df	D(VSZ)
1	He2-250	000+031 	15.0 	5.6 	6 	33.81 	7.65 	6.36 	7.01 	6.49
2	IC4634	000+121 	100.0 	5.5 	2 	233.65 	3.46 	3.49 	3.47 	3.36
3	PC12	000+171 	19.0 	1.8 	3 	414.48 	8.32 	8.87 	8.60 	8.40
4	M3-43	000-011 	27.2 	3.8 	7 	133.14 	6.35 	6.05 	6.20 	 
5	M2-19	000-015 	14.0 	5.0 	3 	39.58 	8.02 	6.77 	7.40 	6.88
6	M2-21	000-024 	23.0 	3.0 	7 	180.63 	7.07 	6.95 	7.01 	 
7	M3-19	000-026 	7.4 	7.0 	8 	10.67 	9.93 	7.36 	8.62 	8.62
8	M3-22	000-031 	8.7 	6.0 	8 	17.78 	9.52 	7.39 	8.45 	9.33
9	M2-28	000-041 	10.0 	5.0 	7 	28.27 	9.24 	7.54 	8.39 	 
10	M3-23	000-042 	28.0 	12.0 	7 	13.74 	5.21 	3.96 	4.58 	 
11	K1-4	001+011 	25.0 	46.0 	7 	0.84 	4.40 	2.53 	3.46 	 
12	He2-262	001+021 	26.0 	3.1 	3 	191.23 	6.68 	6.60 	6.64 	6.39
13	H1-14	001+051 	22.0 	6.5 	3 	36.80 	6.36 	5.33 	5.85 	5.43
14	H1-15	001+052 	13.0 	4.3 	3 	49.69 	8.48 	7.32 	7.90 	7.38
15	BIM	001-011 	17.0 	4.6 	7 	56.78 	7.50 	6.56 	7.03 	 
16	H1-47	001-031 	10.0 	2.5 	6 	113.09	10.34 	9.68	10.01 	9.53
17	H1-56	001-042 	7.8 	2.5 	6 	88.21	11.47	10.48	10.98	10.39
18	SwSt1	001-062 	216.0 	1.4 	2	7789.20 	3.12 	4.46 	3.79 	 
19	H2-20	002+011 	16.3 	3.8 	7 	79.78 	7.87 	7.12 	7.50 	 
20	M1-37	002+031 	15.0 	2.7 	6 	145.43 	8.61 	8.27 	8.44 	8.08
21	NGC6369	002+051		2002.0 	28.6 	4 	172.99 	0.75 	0.74 	0.75 	0.72
22	H1-11	002+081 	13.0 	6.0 	6 	25.52 	8.04 	6.50 	7.27 	6.68
23	H1-45	002-021 	23.5 	1.6 	7 	648.82 	7.76 	8.65 	8.20 	 
24	M3-20	002-022 	40.0 	4.0 	3 	176.70 	5.35 	5.25 	5.30 	 
25	Pe2-12	002-023 	2.0 	5.0 	3 	5.65	18.17	12.63	15.40 	 
26	M2-23	002-024 	41.0 	0.7 	6	5914.00 	7.02 	9.75 	8.38 	8.52
27	M1-38	002-035 	24.0 	3.6 	6 	130.89 	6.75 	6.42 	6.58 	6.28
28	H1-54	002-041 	31.0 	1.2 	6	1521.60 	7.23 	8.78 	8.01 	7.99
29	M1-42	002-042 	28.5 	9.0 	8 	24.87 	5.42 	4.37 	4.89 	4.78
30	M2-33	002-061 	12.0 	3.6 	6 	65.44 	9.03 	8.01 	8.52 	8.01
31	Cn1-5	002-091 	44.0 	7.0 	3 	63.47 	4.70 	4.16 	4.43 	 
32	IC4776	002-131 	71.0 	7.0 	1 	102.41 	3.84 	3.57 	3.71 	3.53
33	IC5148	002-521 	28.1	120.0 	7 	0.14 	3.59 	1.73 	2.66 	 
34	Hb-4	003+021 	170.0 	7.0 	2 	245.22 	2.66 	2.70 	2.68 	2.60
35	H2-17	003+031 	10.0 	4.0 	3 	44.18 	9.58 	8.18 	8.88 	8.27
36	H2-15	003+051 	2.0 	3.4 	7 	12.23	19.34	14.51	16.92 	 
37	M1-35	003-021 	54.0 	4.4 	3 	197.14 	4.65 	4.61 	4.63 	4.46
38	M2-26	003-022 	5.0 	9.0 	3 	4.36	11.25 	7.62 	9.43 	8.27
39	IC4673	003-023 	62.0 	17.0 	3 	15.16 	3.53 	2.71 	3.12 	2.83
40	Ap1-11	003-041 	5.7 	12.0 	7 	2.80	10.16 	6.59 	8.38 	 
41	H1-59	003-043 	4.2 	6.0 	7 	8.25	12.92 	9.33	11.12 	 
42	H2-41	003-044 	2.0 	7.0 	3 	2.88	17.21	11.19	14.20	12.29
43	NGC6565	003-045 	37.0 	9.6 	1 	28.38 	4.80 	3.92 	4.36 	4.02
44	Ap1-12	003-047 	18.7 	12.0 	7 	9.18 	6.17 	4.51 	5.34 	 
45	M2-30	003-048 	14.0 	3.5 	3 	80.78 	8.50 	7.70 	8.10 	7.65
46	H2-43	003-049 	26.4 	9.0 	7 	23.04 	5.59 	4.48 	5.03 	 
47	M2-36	003-061 	13.0 	7.0 	3 	18.75 	7.84 	6.15 	6.99 	6.37
48	Hb-7	003-141 	30.0 	4.0 	7 	132.53 	6.04 	5.75 	5.90 	8.52
49	Hb-8	003-171 	8.0 	5.0 	7 	22.62	10.15 	8.10 	9.13 	6.89
50	H2-24	004+011 	13.0 	4.6 	7 	43.42 	8.39 	7.15 	7.77 	 
51	H2-25	004+021 	4.0 	4.4 	7 	14.60	13.86	10.59	12.23 	 
52	M1-25	004+041 	57.0 	3.2 	2 	393.43 	4.78 	5.08 	4.93 	4.81
53	H1-24	004+062 	15.0 	4.7 	3 	47.99 	7.87 	6.78 	7.32 	6.84
54	M2-29	004-031 	8.0 	3.5 	3 	46.16	10.75 	9.21 	9.98 	9.31
55	H1-60	004-041 	11.3 	3.8 	7 	55.31 	9.18 	8.01 	8.59 	 
56	M1-44	004-042 	9.0 	4.0 	3 	39.76	10.02 	8.46 	9.24 	8.58
57	M3-26	004-051 	8.0 	7.0 	3 	11.54 	9.61 	7.18 	8.40 	7.57
58	Pe1-12	004-053 	3.4 	12.0 	7 	1.67	12.63 	7.77	10.20 	 
59	M3-29	004-111 	18.7 	8.2 	7 	19.66 	6.56 	5.17 	5.86 	 
60	H1-27	005+041 	18.0 	0.8 	3	1987.90 	9.70	12.09	10.90	10.91
61	M3-12	005+051 	12.5 	7.5 	3 	15.71 	7.88 	6.07 	6.98 	6.34
62	H2-16	005+052 	3.0 	18.0 	3 	0.65	12.46 	6.99 	9.73 	8.03
63	M3-11	005+061 	10.0 	7.0 	3 	14.42 	8.75 	6.68 	7.72 	7.00
64	M2-38	005-051 	8.0 	8.0 	3 	8.84 	9.41 	6.84 	8.13 	7.26
65	NGC6620	005-061 	20.5 	5.0 	3 	57.96 	6.84 	6.00 	6.42	11.17
66	M1-31	006+025 	60.5 	7.0 	8 	87.27 	4.11 	3.76 	3.93 	3.76
67	M1-28	006+032 	20.0 	14.8 	7 	6.45 	5.80 	4.09 	4.94 	 
68	M3-15	006+042 	65.0 	5.4 	6 	157.55 	4.16 	4.03 	4.10 	3.92
69	M1-20	006+081 	51.0 	1.9 	2 	998.53 	5.45 	6.35 	5.90 	5.85
70	M1-41	006-021 	350.0 	76.0 	7 	4.28 	1.34 	0.91 	1.12 	 
71	M2-31	006-033 	51.0 	3.8 	6 	249.63 	4.87 	4.94 	4.91 	4.75
72	Hb-6	007+011 	243.0 	6.0 	3 	477.09 	2.35 	2.55 	2.45 	2.40
73	H1-65	007-041 	10.0 	2.3 	6 	133.61	10.48 	9.98	10.23 	9.76
74	H1-66	007-061 	6.0 	6.6 	3 	9.74	10.95 	8.04 	9.50 	 
75	VY2-1	007-062 	37.0 	3.7 	6 	191.03 	5.60 	5.53 	5.57 	5.36
76	M1-22	007-071 	3.5 	6.0 	7 	6.87	13.95 	9.89	11.92 	 
77	NGC6445	008+031 	368.0 	33.2 	1 	23.60 	1.50 	1.20 	1.35 	1.24
78	He2-260	008+061 	13.0 	1.0 	2 	918.84	10.73	12.38	11.56	11.44
79	M1-40	008-011 	208.0 	4.3 	3 	795.10 	2.65 	3.02 	2.83 	2.80
80	M2-39	008-041 	8.0 	3.2 	7 	55.22	10.91 	9.52	10.21 	 
81	M2-42	008-042 	14.0 	4.0 	3 	61.85 	8.32 	7.34 	7.83 	7.35
82	NGC6644	008-072 	97.0 	3.1 	6 	713.42 	3.84 	4.33 	4.09 	4.03
83	Th4-5	009+041 	16.0 	7.0 	3 	23.08 	7.19 	5.75 	6.47 	5.93
84	A41	009+101 	5.0 	18.4 	7 	1.04	10.02 	5.89 	7.96 	 
85	NGC6309	009+141 	151.0 	13.8 	1 	56.04 	2.51 	2.20 	2.35 	2.21
86	H1-67	009-041 	11.9 	6.0 	8 	23.36 	8.34 	6.68 	7.51 	7.08
87	NGC6629	009-051 	275.0 	15.0 	1 	86.39 	1.92 	1.76 	1.84 	1.74
88	M3-32	009-091 	12.0 	7.6 	7 	14.68 	8.00 	6.12 	7.06 	 
89	M3-33	009-101 	7.5 	6.0 	3 	14.73	10.13 	7.75 	8.94 	8.10
90	NGC6537	010+001 	640.0 	7.4 	1 	826.06 	1.51 	1.73 	1.62 	1.60
91	M2-17	010+041 	10.0 	8.0 	3 	11.04 	8.57 	6.37 	7.47 	6.73
92	M2-9	010+181 	36.0 	46.0 	7 	1.20 	3.77 	2.25 	3.01 	2.54
93	NGC6578	010-011 	170.0 	9.6 	1 	130.38 	2.53 	2.41 	2.47 	2.36
94	IC4732	010-061 	49.0 	4.0 	1 	216.46 	4.92 	4.92 	4.92 	4.75
95	Pe1-13	010-062 	3.0 	7.0 	3 	4.33	14.52 	9.83	12.17	10.66
96	M1-32	011+041 	61.0 	9.0 	3 	53.23 	3.93 	3.42 	3.68 	3.44
97	NGC6439	011+051 	55.0 	4.0 	2 	242.96 	4.68 	4.74 	4.71 	4.55
98	M2-15	011+061 	12.5 	7.5 	3 	15.71 	7.88 	6.07 	6.98 	6.34
99	M2-13	011+111 	13.0 	1.5 	2 	408.37	10.05	10.70	10.38	10.13
100	NGC6567	011-002 	168.0 	8.8 	1 	153.33 	2.58 	2.50 	2.54 	2.43
101	M1-47	011-051 	14.0 	5.5 	3 	32.71 	7.90 	6.55 	7.22 	6.68
102	H2-48	011-091 	66.0 	1.8 	3	1439.80 	4.93 	5.96 	5.45 	 
103	M1-45	012-021 	19.0 	2.7 	6 	184.21 	7.80 	7.67 	7.73 	7.44
104	M1-33	013+041 	60.0 	3.8 	3 	293.68 	4.55 	4.69 	4.62 	4.48
105	Sn1	013+321 	7.0 	3.0 	2 	54.97	11.66	10.16	10.91 	 
106	M1-48	013-031 	6.0 	5.5 	3 	14.02	11.28 	8.58 	9.93 	8.99
107	VV3-4	013-042 	6.0 	1.2 	7 	294.50	14.42	14.85	14.64 	 
108	M1-50	014-041 	50.0 	5.6 	7 	112.69 	4.62 	4.33 	4.47 	 
109	VV3-6	014-052 	10.0 	1.0 	7 	706.80	11.98	13.47	12.72 	 
110	M1-31	014-071 	9.0 	0.9 	3 	785.33	12.74	14.47	13.60	13.43
111	M1-39	015+031 	100.0 	4.0 	3 	441.75 	3.64 	3.91 	3.78 	 
112	A44	015-031 	10.0 	56.0 	7 	0.23 	6.26 	3.16 	4.71 	 
113	M1-53	015-041 	53.0 	6.0 	7 	104.06 	4.45 	4.14 	4.30 	4.48
114	M1-46	016-011 	81.0 	12.0 	3 	39.76 	3.33 	2.82 	3.08 	2.86
115	M1-54	016-041 	38.0 	13.0 	7 	15.89 	4.52 	3.49 	4.01 	 
116	M1-56	016-042 	22.0 	1.4 	3 	793.35 	8.15 	9.27 	8.71 	8.74
117	M1-52	017-021 	8.0 	8.0 	3 	8.84 	9.41 	6.84 	8.13 	7.26
118	M3-30	017-041 	7.0 	22.0 	3 	1.02 	8.45 	4.96 	6.71 	5.62
119	A51	017-101 	22.0 	67.0 	7 	0.35 	4.37 	2.30 	3.34 	 
120	A65	017-211 	4.0	104.0 	3 	0.03 	8.32 	3.39 	5.86 	4.29
121	M4-8	018+031 	19.0 	1.3 	6 	794.63 	8.77 	9.98 	9.37 	9.26
122	M3-52	018+041 	3.0 	12.0 	7 	1.47	13.31 	8.09	10.70 	 
123	Na1	018+201 	27.0 	8.0 	3 	29.82 	5.65 	4.64 	5.14 	 
124	M3-54	018-021 	8.0 	5.6 	7 	18.03 	9.97 	7.78 	8.87 	 
125	M3-25	019+031 	76.0 	1.3 	3	3178.50 	4.90 	6.40 	5.65 	5.70
126	M4-10	019-021 	33.0 	1.2 	7	1619.70 	7.05 	8.61 	7.83 	 
127	M1-60	019-041 	48.0 	2.6 	2 	501.87 	5.31 	5.78 	5.55 	5.50
128	M1-61	019-051 	97.0 	1.8 	2	2116.00 	4.20 	5.27 	4.73 	4.74
129	A66	019-231 	57.7	266.8 	7 	0.06 	2.33 	1.03 	1.68 	 
130	Sa1-8	020-051 	11.0 	5.6 	2 	24.79 	8.72 	7.03 	7.87 	7.23
131	M3-28	021-001 	33.0 	5.0 	3 	93.30 	5.60 	5.15 	5.37 	5.09
132	M1-51	021-011 	319.0 	15.0 	3 	100.21 	1.81 	1.68 	1.74 	1.66
133	M1-63	021-051 	10.2 	4.2 	7 	40.87 	9.43 	7.98 	8.71 	 
134	M1-57	022-021 	70.0 	8.0 	3 	77.31 	3.78 	3.42 	3.60 	3.40
135	M1-58	022-031 	60.0 	6.4 	7 	103.54 	4.19 	3.89 	4.04 	 
136	K3-11	023-012 	17.0 	3.0 	2 	133.51 	8.03 	7.65 	7.84 	7.48
137	M1-59	023-021 	108.0 	4.8 	2 	331.31 	3.42 	3.58 	3.50 	3.41
138	M2-40	024+031 	33.0 	5.5 	3 	77.11 	5.51 	4.98 	5.24 	4.95
139	M4-9	024+051 	42.0 	47.0 	3 	1.34 	3.52 	2.13 	2.83 	2.39
140	M2-46	024-021 	12.0 	5.0 	8 	33.93 	8.56 	7.12 	7.84	11.79
141	Pe1-17	024-031 	6.0 	6.0 	3 	11.78	11.12 	8.32 	9.72 	8.75
142	IC4593	025+401 	92.0 	12.8 	7 	39.69 	3.13 	2.64 	2.89 	 
143	Pe1-15	025-021 	8.0 	4.8 	2 	24.54	10.22 	8.22 	9.22 	 
144	IC1295	025-042 	44.0	109.0 	3 	0.26 	3.02 	1.55 	2.28 	1.83
145	A60	025-111 	11.0 	74.0 	7 	0.14 	5.75 	2.77 	4.26 	 
146	NGC6818	025-171 	300.0 	18.8 	1 	59.99 	1.79 	1.58 	1.68 	1.58
147	Pe2-15	026-012 	9.0 	2.6 	7 	94.10	10.74 	9.87	10.31 	8.47
148	Pe1-19	026-023 	6.0 	4.3 	3 	22.94	11.74 	9.38	10.56 	9.68
149	M2-45	027+001 	154.0 	7.5 	3 	193.51 	2.75 	2.72 	2.73 	2.63
150	M2-43	027+041 	237.0 	1.3 	2	9911.90 	3.04 	4.45 	3.74 	 
151	Pe1-18	027-021 	42.0 	1.2 	3	2061.50 	6.37 	7.97 	7.17 	7.18
152	Vy1-4	027-032 	22.0 	4.0 	2 	97.19 	6.88 	6.35 	6.62 	6.28
153	IC4846	027-091 	43.0 	2.9 	2 	361.38 	5.47 	5.76 	5.61 	5.47
154	M2-44	028+011 	54.0 	8.0 	3 	59.64 	4.22 	3.71 	3.97 	3.72
155	K3-7	028+021 	30.0 	6.3 	2 	53.42 	5.61 	4.88 	5.25 	4.91
156	K3-2	028+051 	31.0 	2.8 	2 	279.47 	6.31 	6.47 	6.39 	6.20
157	Pe1-21	028-031 	30.0 	8.6 	7 	28.67 	5.34 	4.37 	4.85 	 
158	Pe1-20	028-041 	29.4 	6.4 	7 	50.73 	5.65 	4.89 	5.27 	 
159	NGC6751	029-051 	63.0 	21.0 	1 	10.10 	3.39 	2.50 	2.94 	2.64
160	K3-6	030+041 	55.0 	0.7 	2	7099.00 	6.15 	8.70 	7.42 	 
161	K3-3	031+051 	34.0 	11.0 	3 	19.86 	4.87 	3.84 	4.35 	3.98
162	M3-34	031-101 	29.0 	8.0 	3 	32.03 	5.48 	4.53 	5.00 	4.63
163	K3-1	032+071 	5.0 	5.0 	2 	14.14	12.37 	9.42	10.89 	9.87
164	PC19	032+072 	25.3 	2.8 	7 	228.09 	6.87 	6.91 	6.89 	 
165	M1-66	032-021 	59.0 	2.7 	2 	572.03 	4.84 	5.34 	5.09 	5.00
166	K3-18	032-031 	11.0 	0.9 	3 	959.85	11.71	13.57	12.64	12.51
167	NGC6741	033-021 	230.0 	7.8 	1 	267.20 	2.31 	2.36 	2.33 	2.26
168	A55	033-051 	6.0 	48.0 	7 	0.18 	7.95 	3.94 	5.94 	 
169	NGC6772	033-061 	73.0 	90.0 	3 	0.64 	2.52 	1.41 	1.96 	1.62
170	K3-13	034+021 	34.0 	3.7 	2 	175.54 	5.80 	5.68 	5.74 	5.51
171	M1-33	034+041 	60.0 	3.8 	7 	293.68 	4.55 	4.69 	4.62 	 
172	K3-5	034+061 	3.0 	10.0 	3 	2.12	13.70 	8.64	11.17 	9.58
173	NGC6572	034+111		1374.0 	14.6 	1 	455.59 	0.98 	1.06 	1.02 	1.00
174	NGC6778	034-061 	55.0 	16.0 	1 	15.19 	3.74 	2.88 	3.31 	3.00
175	Ap2-1	035-001 	320.4 	32.8 	7 	21.05 	1.59 	1.26 	1.43 	 
176	Sh2-71	036-011 	63.0	114.0 	3 	0.34 	2.58 	1.36 	1.97 	1.59
177	NGC7293	036-571		1292.0	600.0 	1 	0.25 	0.55 	0.28 	0.42 	0.40
178	NGC6790	037-061 	290.0 	1.8 	2	6326.30 	2.65 	3.71 	3.18 	 
179	NGC7009	037-341 	750.0 	26.8 	1 	73.81 	1.15 	1.04 	1.09 	1.03
180	Cn3-1	038+121 	75.0 	4.6 	1 	250.52 	4.02 	4.08 	4.05 	3.92
181	A70	038-251 	12.0 	42.0 	7 	0.48 	6.07 	3.31 	4.69 	 
182	K3-17	039+021 	345.0 	8.0 	3 	381.01 	1.94 	2.05 	1.99 	1.95
183	M2-47	039-021 	45.0 	6.0 	3 	88.35 	4.77 	4.37 	4.57 	4.33
184	A53	040-001 	85.7 	31.0 	7 	6.30 	2.79 	1.97 	2.38 	 
185	K3-30	040-031 	23.0 	3.3 	2 	149.28 	6.97 	6.71 	6.84 	6.55
186	NGC6781	041-021 	347.0	130.0 	3 	1.45 	1.23 	0.75 	0.99 	0.84
187	K3-14	042+051 	4.8 	1.0 	2 	339.26	16.31	17.03	16.67	16.20
188	NGC6807	042-061 	29.0 	0.8 	2	3202.70 	7.94	10.38 	9.16 	9.24
189	NGC6852	042-141 	20.0 	28.0 	7 	1.80 	5.23 	3.25 	4.24 	 
190	M1-65	043+031 	23.0 	4.0 	8 	101.60 	6.75 	6.26 	6.51 	6.28
191	M3-27	043+111 	53.2 	1.0 	7	3760.20 	5.94 	7.89 	6.91 	 
192	NGC6210	043+371 	311.0 	16.2 	4 	83.76 	1.81 	1.64 	1.73 	1.63
193	M4-14	043-031 	8.0 	7.0 	3 	11.54 	9.61 	7.18 	8.40 	7.57
194	A67	043-131 	6.8 	67.0 	7 	0.11 	7.15 	3.35 	5.25 	 
195	K3-33	045-011 	17.0 	1.1 	2 	993.02 	9.44	10.98	10.21	10.12
196	Vy2-2	045-021 	50.0 	0.7 	1	8113.00 	6.52 	9.34 	7.93 	 
197	NGC6804	045-041 	135.0 	40.4 	1 	5.85 	2.21 	1.55 	1.88 	1.66
198	PB9	046-031 	40.0 	9.0 	2 	34.90 	4.70 	3.92 	4.31 	3.99
199	NGC6803	046-041 	114.0 	5.6 	1 	256.94 	3.27 	3.32 	3.29 	3.19
200	A39	047+421 	5.7	174.0 	7 	0.01 	6.60 	2.52 	4.56 	 
201	A62	047-041 	522.4	161.0 	7 	1.42 	1.00 	0.61 	0.81 	 
202	He2-429	048+011 	64.9 	4.2 	7 	260.04 	4.33 	4.42 	4.37 	 
203	K3-29	048+012 	65.0 	1.0 	2	4594.20 	5.46 	7.40 	6.43 	6.78
204	K3-19	048+041 	23.0 	1.2 	2	1128.90 	8.20 	9.66 	8.93 	8.87
205	K4-16	048+042 	3.0 	3.0 	7 	23.56	16.64	13.33	14.99 	 
206	PB10	048-021 	50.0 	8.0 	2 	55.22 	4.36 	3.81 	4.08 	3.83
207	HE2-428	049+021 	7.0 	8.0 	3 	7.73 	9.95 	7.14 	8.55 	7.61
208	H4-1	049+881 	1.3 	3.0 	7 	10.21	23.65	17.42	20.53 	 
209	M1-67	050+031 	250.0	120.4 	7 	1.22 	1.43 	0.86 	1.14 	 
210	K4-28	050-011 	19.0 	0.6 	7	3730.30 	9.94	13.18	11.56 	 
211	He2-430	051+031 	40.0 	1.7 	2 	978.27 	6.14 	7.14 	6.64 	6.58
212	Hu2-1	051+091 	110.0 	1.8 	2	2399.60 	3.98 	5.06 	4.52 	4.54
213	M1-73	051-031 	43.0 	6.0 	3 	84.42 	4.86 	4.43 	4.65 	4.40
214	K3-31	052+022 	39.0 	1.5 	7	1225.10 	6.34 	7.53 	6.93 	6.88
215	K3-41	052-021 	1.7 	0.5 	2 	480.62	28.20	30.47	29.34	28.69
216	Me1-1	052-022 	45.1 	4.7 	8 	144.30 	4.96 	4.76 	4.86 	4.69
217	M1-74	052-041 	29.0 	1.0 	3	2049.70 	7.66 	9.58 	8.62 	8.64
218	A59	053+031 	18.0 	86.0 	7 	0.17 	4.56 	2.24 	3.40 	 
219	K3-38	053-011 	31.0 	4.7 	3 	99.19 	5.80 	5.37 	5.59 	5.30
220	M1-72	054-021 	30.0 	0.6 	2	5890.00 	8.20	11.39 	9.80 	 
221	NGC6891	054-121 	105.0 	12.6 	1 	46.75 	2.97 	2.55 	2.76 	2.58
222	He2-432	055+021 	32.0 	2.3 	2 	427.55 	6.43 	6.88 	6.65 	6.50
223	He2-433	055+022 	14.0 	8.0 	3 	15.46 	7.44 	5.72 	6.58 	5.97
224	He2-435	055+023 	15.0 	4.7 	3 	47.99 	7.87 	6.78 	7.32 	6.84
225	A54	055+061 	2.5 	56.0 	7 	0.06	11.21 	4.93 	8.07 	 
226	A46	055+161 	5.0 	63.4 	7 	0.09 	8.21 	3.77 	5.99 	 
227	He2-439	055-001 	204.0 	2.9 	3	1714.50 	2.84 	3.50 	3.17 	3.17
228	K3-35	056+021 	60.0 	1.7 	2	1467.40 	5.18 	6.27 	5.73 	6.58
229	K3-42	056-001 	19.0 	1.2 	2 	932.58 	8.89	10.27 	9.58 	9.48
230	NGC6804	056-041 	135.0 	40.4 	7 	5.85 	2.21 	1.55 	1.88 	1.66
231	K4-30	057+011 	21.0 	2.5 	2 	237.48 	7.57 	7.64 	7.60 	7.35
232	He2-447	057-011 	60.0 	1.2 	2	2945.00 	5.48 	7.11 	6.30 	6.34
233	NGC6879	057-081 	18.0 	5.0 	3 	50.89 	7.22 	6.25 	6.74 	6.30
234	K3-40	058+011 	20.0 	4.0 	2 	88.35 	7.16 	6.55 	6.86 	6.49
235	IC4997	058-101 	127.0 	1.6 	1	3506.40 	3.82 	5.04 	4.43 	4.47
236	K3-37	059+021 	17.0 	2.5 	2 	192.25 	8.27 	8.17 	8.22 	7.91
237	K3-39	059+022 	11.0 	1.0 	2 	777.48	11.51	13.06	12.29	12.13
238	A72	059-181 	16.1	127.4 	7 	0.07 	4.49 	2.02 	3.25 	 
239	He2-440	060+011 	43.0 	2.2 	2 	627.94 	5.72 	6.36 	6.04 	3.94
240	K4-39	060-021 	9.0 	2.0 	7 	159.03	11.20	10.85	11.03 	 
241	NGC6853	060-031		1325.0	330.0 	1 	0.86 	0.60 	0.35 	0.48 	0.40
242	He1-5	060-071 	5.2 	36.0 	7 	0.28 	8.85 	4.57 	6.71 	 
243	NGC6886	060-072 	108.0 	7.4 	1 	139.40 	3.19 	3.06 	3.13 	2.99
244	M4-16	061+021 	6.0 	0.4 	7	2650.50	17.22	22.05	19.64 	 
245	DdDm-1	061+411 	6.0 	1.0 	7 	424.08	14.85	15.86	15.35 	 
246	NGC6905	061-091 	52.0 	47.0 	1 	1.66 	3.22 	1.99 	2.60 	2.22
247	NGC6765	062+091 	17.7 	38.0 	7 	0.87 	5.24 	3.03 	4.14 	 
248	M2-48	062-001 	19.0 	3.1 	3 	139.74 	7.62 	7.30 	7.46 	7.13
249	K3-48	063+001 	34.0 	6.0 	2 	66.75 	5.37 	4.78 	5.07 	4.77
250	NGC6720	063+131 	360.0 	70.0 	1 	5.19 	1.34 	0.93 	1.13 	1.00
251	K3-54	063-061 	7.5 	0.8 	7 	828.28	14.02	16.00	15.01	14.83
252	BD+30363	064+051 	600.0 	5.0 	1	1696.30 	1.66 	2.04 	1.85 	1.84
253	M1-64	064+151 	2.4 	17.0 	7 	0.59	13.82 	7.67	10.74 	 
254	NGC6058	064+481 	10.0 	26.0 	1 	1.05 	7.08 	4.17 	5.63 	4.71
255	K3-53	064-021 	69.0 	0.7 	3	9952.90 	5.64 	8.25 	6.95 	 
256	NGC6842	065+001 	126.5 	47.4 	7 	3.98 	2.22 	1.49 	1.85 	 
257	He1-6	065-051 	20.3 	22.4 	7 	2.86 	5.39 	3.51 	4.45 	 
258	K648	065-271 	14.4 	3.6 	7 	78.53 	8.36 	7.56 	7.96 	 
259	PC24	066-051 	18.0 	5.0 	3 	50.89 	7.22 	6.25 	6.74 	 
260	NGC7094	066-281 	7.0 	95.0 	3 	0.05 	6.68 	2.93 	4.80 	3.62
261	K3-52	067-001 	65.0 	0.7 	2	9375.90 	5.78 	8.41 	7.10 	 
262	K4-41	068+011 	15.0 	3.0 	2 	117.80 	8.47 	7.96 	8.21 	7.82
263	He2-453	068+012 	15.0 	22.4 	7 	2.11 	6.12 	3.86 	4.99 	 
264	PC23	068+031 	21.0 	2.1 	2 	336.57 	7.78 	8.13 	7.96 	7.74
265	M1-75	068-001 	26.2 	14.0 	7 	9.45 	5.22 	3.83 	4.53 	 
266	He2-459	068-021 	64.0 	1.3 	2	2676.60 	5.27 	6.76 	6.02 	6.05
267	K3-55	069+001 	90.0 	8.2 	2 	94.60 	3.39 	3.13 	3.26 	3.09
268	K3-49	069+021 	7.0 	0.2 	2	8000.00	18.05	26.94	22.49	26.81
269	NGC6894	069-021 	61.0 	55.0 	3 	1.43 	2.94 	1.78 	2.36 	2.00
270	M3-35	071-021 	140.0 	1.4 	2	5048.60 	3.75 	5.13 	4.44 	4.84
271	K3-57	072+001 	60.0 	6.3 	2 	106.85 	4.20 	3.91 	4.05 	3.85
272	NGC6881	074+021 	120.0 	2.6 	2	1254.70 	3.62 	4.31 	3.96 	3.95
273	He2-468	075-041 	25.0 	0.4 	43 	0.75 	9.45	13.97	11.71 	 
274	A69	076+011 	4.8 	22.0 	7 	0.70 	9.91 	5.60 	7.75 	 
275	K3-77	078+001 	27.4 	7.6 	7 	33.53 	5.66 	4.70 	5.18 	 
276	A50	078+181 	1.0 	27.0 	7 	0.10	18.52 	8.59	13.56 	 
277	A78	081-141 	4.9	107.0 	7 	0.03 	7.61 	3.15 	5.38 	 
278	NGC6884	082+071 	200.0 	6.0 	1 	392.67 	2.55 	2.71 	2.63 	2.57
279	NGC6833	082+111 	22.0 	0.8 	7	2429.60 	8.92	11.34	10.13 	 
280	NGC6826	083+121 	385.0 	25.4 	1 	42.18 	1.53 	1.31 	1.42 	1.32
281	NGC7027	084-031		5200.0 	14.0 	6	1875.20 	0.57 	0.70 	0.64 	0.63
282	A71	085+041 	82.8	158.0 	7 	0.23 	2.18 	1.11 	1.64 	 
283	Hu1-2	086-081 	155.0 	8.2 	1 	162.93 	2.70 	2.63 	2.66 	2.55
284	K3-78	088+041 	15.0 	3.8 	2 	73.42 	8.15 	7.31 	7.73 	7.29
285	NGC7048	088-011 	37.0 	70.0 	3 	0.53 	3.49 	1.92 	2.70 	2.22
286	NGC7026	089+001 	260.0 	11.2 	1 	146.50 	2.07 	1.99 	2.03 	1.94
287	Sh1-89	089-001 	42.5 	38.0 	7 	2.08 	3.63 	2.29 	2.96 	 
288	M1-77	089-021 	25.0 	8.0 	3 	27.61 	5.83 	4.75 	5.29 	4.88
289	IC5117	089-051 	210.0 	1.4 	2	7572.90 	3.16 	4.50 	3.83 	 
290	M1-78	093+011		1103.9 	6.4 	7	1904.90 	1.23 	1.53 	1.38 	 
291	NGC7008	093+052 	217.0 	85.6 	7 	2.09 	1.61 	1.01 	1.31 	 
292	K3-82	093-001 	30.0 	25.0 	3 	3.39 	4.49 	2.97 	3.73 	3.25
293	M1-79	093-021 	19.0 	30.0 	3 	1.49 	5.29 	3.22 	4.26 	3.61
294	K1-16	094+271 	75.9 	9.0 	7 	66.23 	3.59 	3.19 	3.39 	 
295	K3-83	094-001 	6.5 	5.0 	3 	18.38	11.08 	8.66 	9.87 	8.99
296	K3-62	095+001 	115.0 	2.5 	7	1300.50 	3.71 	4.43 	4.07 	4.05
297	A73	095+071 	7.4 	73.2 	7 	0.10 	6.80 	3.16 	4.98 	 
298	M2-49	095-021 	35.0 	2.5 	2 	395.81 	6.11 	6.48 	6.30 	6.14
299	K4-45	096+001 	35.0 	94.0 	2 	0.28 	3.40 	1.76 	2.58 	4.19
300	K3-61	096+021 	14.0 	6.0 	3 	27.49 	7.79 	6.34 	7.07 	6.51
301	NGC6543	096+291 	850.0 	20.0 	1 	150.20 	1.14 	1.11 	1.12 	1.08
302	A77	097+031 	307.6 	65.8 	7 	5.02 	1.45 	1.00 	1.22 	 
303	M2-50	097-021 	6.5 	4.5 	3 	22.69	11.27 	8.99	10.13 	9.28
304	K3-60	098+041 	43.0 	1.9 	2 	841.89 	5.86 	6.70 	6.28 	6.21
305	IC5217	100-051 	163.0 	6.8 	1 	249.15 	2.72 	2.76 	2.74 	2.66
306	Me2-2	100-081 	40.0 	1.2 	2	1963.30 	6.50 	8.09 	7.30 	7.31
307	A75	101+081 	17.0 	57.0 	3 	0.37 	5.00 	2.65 	3.82 	3.10
308	A79	102-021 	22.3 	54.2 	7 	0.54 	4.49 	2.47 	3.48 	 
309	A80	102-051 	3.1	109.6 	7 	0.02 	9.19 	3.61 	6.40 	 
310	M2-51	103+001 	40.6 	39.2 	7 	1.87 	3.68 	2.30 	2.99 	 
311	M2-52	103+002 	14.0 	14.0 	7 	5.05 	6.80 	4.68 	5.74 	 
312	BI2-1	104+001 	54.0 	1.6 	2	1490.90 	5.47 	6.63 	6.05 	 
313	NGC7139	104+071 	28.9 	76.0 	7 	0.35 	3.82 	2.02 	2.92 	 
314	M2-53	104-011 	11.0 	20.0 	3 	1.94 	7.10 	4.44 	5.77 	4.94
315	M2-54	104-061 	8.0 	1.0 	7 	565.44	13.16	14.46	13.81 	 
316	Jn-1	104-291 	9.8	332.0 	7 	0.01 	4.74 	1.68 	3.21 	 
317	NGC7662	106-171 	631.0 	26.0 	3 	65.97 	1.24 	1.11 	1.17 	1.11
318	NGC7354	107+021 	579.0 	20.0 	1 	102.31 	1.34 	1.25 	1.30 	1.23
319	M1-80	107-021 	25.0 	8.0 	3 	27.61 	5.83 	4.75 	5.29 	4.88
320	K3-87	107-022 	4.5 	6.0 	3 	8.84	12.55 	9.12	10.84 	9.68
321	Vy2-3	107-131 	3.0 	4.6 	3 	10.02	15.53	11.43	13.48	12.10
322	We2-262	110+001 	2.7	130.0 	7 	0.01 	9.47 	3.55 	6.51 	 
323	K1-20	110-121 	1.3 	34.0 	7 	0.08	15.98 	7.27	11.63 	 
324	K4-58	111+061 	5.0 	10.0 	3 	3.53	11.06 	7.34 	9.20 	8.01
325	Hb-12	111-021 	45.0 	0.7 	2	6491.00 	6.75 	9.46 	8.11 	 
326	A84	112-101 	8.0	126.0 	3 	0.04 	6.03 	2.54 	4.28 	3.18
327	A82	114-041 	5.3 	81.0 	7 	0.06 	7.70 	3.39 	5.55 	 
328	M2-55	116+081 	19.0 	40.0 	3 	0.84 	5.05 	2.91 	3.98 	3.31
329	IC1454	117+181 	1.3 	34.0 	7 	0.08	15.98 	7.27	11.63 	 
330	Sh1-118	118+021 	21.0	115.0 	7 	0.11 	4.08 	1.92 	3.00 	 
331	VY1-1	118-081 	23.0 	6.0 	2 	45.16 	6.33 	5.41 	5.87 	5.47
332	NGC246	118-741 	248.0	224.0 	7 	0.35 	1.30 	0.69 	0.99 	 
333	BV5-1	119+001 	17.7 	41.6 	7 	0.72 	5.17 	2.93 	4.05 	 
334	A1	119+061 	6.2 	47.0 	7 	0.20 	7.87 	3.92 	5.90 	 
335	Hu1-1	119-061 	26.0 	10.0 	3 	18.38 	5.53 	4.33 	4.93 	4.50
336	NGC40	120+091 	460.0 	36.4 	1 	24.54 	1.34 	1.08 	1.21 	1.12
337	We1-1	121+031 	1.5 	19.0 	7 	0.29	16.53 	8.56	12.55 	 
338	A2	122-041 	2.3 	31.0 	7 	0.17	12.77 	6.26 	9.51 	 
339	IC3568	123+341 	95.0 	12.0 	1 	46.63 	3.12 	2.68 	2.90 	2.71
340	PHL932	125-471 	10.0	270.0 	3 	0.01 	4.86 	1.79 	3.33 	2.34
341	K3-90	126+031 	13.9 	10.0 	3 	9.82 	7.20 	5.29 	6.24 	5.60
342	K3-91	129+041 	1.5 	10.0 	7 	1.06	18.34	10.79	14.56 	 
343	We2-5	129-021 	24.8	194.0 	7 	0.05 	3.50 	1.51 	2.50 	 
344	IC1747	130+011 	124.0 	12.8 	1 	53.49 	2.76 	2.40 	2.58 	2.42
345	K3-92	130+031 	2.0 	13.0 	7 	0.84	15.58 	8.95	12.26 	 
346	NGC650-1	130-10 	125.0	100.0 	3 	0.88 	1.97 	1.14 	1.56 	1.30
347	M1-1	130-111 	8.0 	5.0 	3 	22.62	10.15 	8.10 	9.13 	8.37
348	A3	131+021 	2.7 	60.0 	7 	0.05	10.73 	4.69 	7.71 	 
349	K4-60	132-001 	560.0 	20.0 	7 	98.95 	1.36 	1.26 	1.31 	 
350	IC289	138+021 	170.0 	45.0 	1 	5.93 	1.97 	1.38 	1.68 	1.48
351	A6	139+041 	14.0	190.0 	7 	0.03 	4.46 	1.83 	3.15 	2.24
352	A5	141-071 	2.6	127.8 	7 	0.01 	9.65 	3.62 	6.63 	 
353	K3-94	142+031 	5.5 	10.0 	3 	3.89	10.62 	7.12 	8.87 	7.74
354	NGC1501	144+061 	210.0 	54.0 	1 	5.09 	1.75 	1.21 	1.48 	1.31
355	A4	144-051 	1.5 	20.0 	7 	0.27	16.40 	8.40	12.40 	 
356	M4-18	146+071 	22.0 	3.5 	2 	126.94 	7.03 	6.67 	6.85 	6.53
357	M2-2	147+041 	54.0 	7.0 	3 	77.89 	4.31 	3.90 	4.10 	3.88
358	M1-4	147-021 	90.0 	6.0 	2 	176.70 	3.57 	3.50 	3.53 	3.36
359	NGC3587	148+571 	101.0	170.0 	3 	0.25 	1.98 	1.01 	1.50 	1.19
360	K4-47	149+041 	7.7 	0.3 	2	8707.80	16.72	24.12	20.42 	 
361	VV1-2	151+021 	265.3	260.0 	7 	0.28 	1.23 	0.64 	0.94 	 
362	Sh2-207	151-021 	300.0	200.0 	7 	0.53 	1.22 	0.67 	0.95 	 
363	A16	153+221 	5.1	140.0 	7 	0.02 	7.16 	2.82 	4.99 	 
364	Pw1	158+171 	84.7 	0.0 	7 	0.00 	1.39 	0.41 	0.90 	 
365	A28	158+371 	5.3	268.0 	7 	0.01 	6.35 	2.20 	4.28 	 
366	IC351	159-151 	27.0 	7.0 	2 	38.95 	5.77 	4.86 	5.32 	4.94
367	We-2	160-001		1999.9 	92.0 	7 	16.70 	0.62 	0.49 	0.55 	 
368	IC2003	161-141 	30.0 	8.9 	2 	26.77 	5.31 	4.31 	4.81 	3.71
369	VV-47	164+331 	19.0	380.0 	7 	0.01 	3.51 	1.29 	2.40 	 
370	K3-67	165-061 	42.0 	2.2 	2 	613.34 	5.78 	6.41 	6.09 	5.99
371	NGC1514	165-151 	288.0	160.0 	3 	0.80 	1.29 	0.74 	1.01 	0.84
372	IC2149	166+101 	280.0 	9.3 	1 	228.82 	2.06 	2.08 	2.07 	1.99
373	CRL618	166-061 	67.0 	12.0 	7 	32.89 	3.61 	3.00 	3.30 	 
374	A8	167-001 	25.6 	60.0 	7 	0.50 	4.17 	2.28 	3.23 	 
375	K3-66	167-091 	18.0 	2.1 	2 	288.49 	8.31 	8.54 	8.42 	8.17
376	IC2120	169-001 	126.0 	47.0 	7 	4.03 	2.22 	1.50 	1.86 	 
377	K3-69	170+041 	0.4 	8.0 	2 	0.44	33.11	17.84	25.48	17.85
378	Ba-1	171-251 	13.0 	38.0 	7 	0.64 	5.97 	3.34 	4.66 	 
379	A9	172+001 	1.3 	37.0 	7 	0.07	15.77 	7.05	11.41 	 
380	H3-29	174-141 	18.0 	17.0 	3 	4.40 	5.93 	4.02 	4.98 	 
381	Pu1	181+011 	6.9 	66.0 	7 	0.11 	7.12 	3.36 	5.24 	 
382	Vy1-1	181-081 	28.9 	6.2 	7 	53.14 	5.72 	4.97 	5.34 	 
383	M1-5	184-021 	71.0 	2.3 	2 	948.64 	4.60 	5.33 	4.96 	4.94
384	M1-7	189+071 	13.0 	11.0 	3 	7.59 	7.29 	5.22 	6.26 	5.57
385	NGC2371-2	189+19 	87.0 	54.0 	1 	2.11 	2.54 	1.60 	2.07 	1.78
386	J320	190-171 	23.0 	7.1 	2 	32.25 	6.16 	5.09 	5.63 	5.21
387	J900	194+021 	100.0 	6.0 	2 	196.33 	3.41 	3.38 	3.40 	3.27
388	Sh2-226	195-001 	145.0 	67.0 	7 	2.28 	1.98 	1.26 	1.62 	 
389	VV1-5	196-011		1001.9	324.0 	7 	0.67 	0.68 	0.38 	0.53 	 
390	NGC2022	196-101 	91.0 	19.7 	1 	16.57 	2.93 	2.27 	2.60 	2.37
391	A11	196-121 	10.0 	32.0 	7 	0.69 	6.85 	3.87 	5.36 	 
392	NGC2392	197+171 	251.0 	46.0 	1 	8.38 	1.67 	1.21 	1.44 	1.29
393	VV1-4	197-021 	553.0	126.4 	7 	2.45 	1.02 	0.65 	0.84 	 
394	A14	197-031 	4.5 	32.8 	7 	0.30 	9.54 	4.95 	7.25 	 
395	K1-7	197-141 	2.0 	34.0 	7 	0.12	13.34 	6.33 	9.84 	 
396	A12	198-061 	36.0 	35.0 	3 	2.08 	3.94 	2.49 	3.21 	2.75
397	A19	200+081 	3.4 	67.0 	7 	0.05 	9.57 	4.19 	6.88 	 
398	K4-48	201+021 	14.0 	2.2 	2 	204.45 	9.16 	9.10 	9.13 	8.80
399	A13	204-081 	7.9	152.6 	7 	0.02 	5.88 	2.38 	4.13 	 
400	YM29	205+141 	327.0	615.0 	7 	0.06 	0.98 	0.44 	0.71 	 
401	NGC1535	206-401 	160.0 	18.4 	1 	33.40 	2.34 	1.94 	2.14 	1.98
402	A30	208+331 	2.3	127.0 	7 	0.01	10.17 	3.77 	6.97 	 
403	M1-8	210+011 	23.0 	18.4 	7 	4.80 	5.28 	3.62 	4.45 	 
404	M1-6	211-031 	86.0 	2.9 	3 	722.77 	4.09 	4.61 	4.35 	4.29
405	M1-9	212+041 	27.0 	2.3 	2 	360.75 	6.90 	7.26 	7.08 	6.90
406	A20	214+071 	7.0 	64.0 	3 	0.12 	7.12 	3.38 	5.25 	4.09
407	NGC2346	215+031 	86.0 	54.6 	1 	2.04 	2.55 	1.60 	2.07 	1.78
408	IC418	215-241		1550.0 	12.4 	1 	712.50 	0.96 	1.08 	1.02 	1.00
409	A7	215-301 	305.0	764.0 	7 	0.04 	0.98 	0.41 	0.70 	 
410	A18	216-001 	17.0 	73.2 	7 	0.22 	4.80 	2.42 	3.61 	 
411	A24	217+141 	36.0	354.8 	7 	0.02 	2.71 	1.08 	1.90 	 
412	A31	219+311 	101.9	972.0 	7 	0.01 	1.49 	0.54 	1.01 	 
413	NGC1360	220-531 	225.0	370.0 	3 	0.12 	1.25 	0.59 	0.92 	0.71
414	M3-3	221+051 	5.6 	12.2 	7 	2.66	10.21 	6.59 	8.40 	 
415	A17	221-041 	3.0 	42.8 	7 	0.12	10.84 	5.12 	7.98 	 
416	IC2165	221-121 	188.0 	7.7 	1 	224.12 	2.51 	2.53 	2.52 	2.43
417	We-6	224+011 	0.8 	62.0 	7 	0.01	17.79 	6.84	12.31 	 
418	K1-13	224+151 	58.9	166.0 	7 	0.15 	2.49 	1.21 	1.85 	 
419	M1-16	226+051 	31.0 	3.6 	2 	169.06 	6.06 	5.91 	5.99 	5.75
420	A32	227+331 	16.0	134.0 	7 	0.06 	4.46 	1.99 	3.23 	 
421	M1-17	228+051 	17.0 	2.3 	2 	227.14 	8.38 	8.42 	8.40 	7.91
422	M1-18	231+041 	1.4 	30.4 	7 	0.11	15.78 	7.39	11.58 	 
423	NGC2438	231+042 	67.0 	80.0 	3 	0.74 	2.66 	1.51 	2.09 	1.73
424	M1-13	232-011 	15.0 	10.0 	7 	10.60 	6.97 	5.16 	6.07 	 
425	M1-11	232-041 	113.0 	2.2 	2	1650.20 	3.81 	4.67 	4.24 	4.24
426	A15	233-161 	22.0 	34.0 	5 	1.35 	4.87 	2.94 	3.91 	3.26
427	NGC2440	234+021 	370.0 	18.4 	3 	77.24 	1.64 	1.49 	1.57 	1.49
428	VV1-7	235+011 	57.0	248.0 	7 	0.07 	2.37 	1.06 	1.72 	 
429	M1-14	235-011 	60.0 	4.7 	2 	191.98 	4.40 	4.35 	4.37 	4.21
430	M1-12	235-031 	41.0 	1.8 	2 	894.41 	6.03 	6.94 	6.48 	6.42
431	K1-12	236+031 	10.0 	37.0 	7 	0.52 	6.69 	3.67 	5.18 	 
432	Sa2-21	238+072 	2.4 	40.0 	7 	0.11	12.04 	5.63 	8.83 	 
433	A33	238+341 	14.0	268.0 	7 	0.01 	4.22 	1.62 	2.92 	 
434	NGC2610	239+131 	30.0 	49.0 	3 	0.88 	4.03 	2.33 	3.18 	2.66
435	Sa2-22	240+071 	4.5 	8.0 	7 	4.97	11.98 	8.22	10.10 	8.87
436	M3-2	240-071 	2.7 	7.6 	7 	3.30	14.97 	9.87	12.42 	 
437	M3-4	241+021 	2.4 	13.8 	7 	0.89	14.29 	8.26	11.28 	 
438	M3-1	242-111 	24.0 	11.0 	3 	14.02 	5.63 	4.29 	4.96 	4.50
439	NGC2452	243-011 	57.0 	19.6 	1 	10.49 	3.57 	2.64 	3.11 	2.79
440	M3-5	245+011 	10.0 	7.0 	3 	14.42 	8.75 	6.68 	7.72 	7.00
441	A34	248+291 	13.5	290.0 	7 	0.01 	4.23 	1.59 	2.91 	5.85
442	M4-2	248-081 	19.0 	6.0 	3 	37.30 	6.85 	5.75 	6.30 	 
443	A23	249-051 	6.8 	54.0 	7 	0.16 	7.40 	3.62 	5.51 	 
444	A26	250+001 	2.4 	40.0 	7 	0.11	12.04 	5.63 	8.83 	 
445	K1-21	251-011 	5.0 	29.0 	7 	0.42 	9.31 	5.00 	7.16 	 
446	K1-1	252+041 	11.2 	43.4 	7 	0.42 	6.22 	3.34 	4.78 	 
447	M3-6	254+051 	75.0 	11.0 	3 	43.81 	3.49 	2.98 	3.24 	3.02
448	H1-32	255-023 	37.0 	1.1 	6	2161.30 	6.81 	8.56 	7.69 	7.71
449	He2-9	258-001 	194.8 	4.4 	7 	711.18 	2.71 	3.05 	2.88 	 
450	He2-11	259+001 	444.6 	65.0 	7 	7.44 	1.24 	0.89 	1.07 	 
451	He2-15	261+021 	105.0 	20.0 	5 	18.55 	2.75 	2.16 	2.46 	2.24
452	NGC2818	261+081 	33.0 	50.0 	1 	0.93 	3.86 	2.25 	3.05 	2.56
453	NGC3242	261+321 	860.0 	40.0 	1 	37.99 	1.02 	0.86 	0.94 	0.87
454	PB2	263-051 	40.0 	3.0 	4 	314.13 	5.61 	5.82 	5.71 	5.55
455	He2-7	264-081 	47.0 	13.0 	5 	19.66 	4.14 	3.26 	3.70 	2.45
456	He2-5	264-121 	29.0 	3.0 	4 	227.75 	6.42 	6.45 	6.43 	6.21
457	NGC2792	265+041 	116.0 	50.0 	3 	3.28 	2.28 	1.50 	1.89 	1.66
458	PB3	269-031 	70.0 	7.0 	5 	100.97 	3.87 	3.59 	3.73 	3.54
459	NGC3132	272+121 	230.0 	45.0 	7 	8.03 	1.74 	1.25 	1.50 	 
460	He2-35	274+022 	20.0 	5.0 	4 	56.54 	6.91 	6.04 	6.48 	6.07
461	He2-37	274+031 	22.6 	23.0 	7 	3.02 	5.13 	3.36 	4.24 	 
462	He2-28	275-021 	20.0 	10.0 	5 	14.14 	6.18 	4.71 	5.44 	4.93
463	He2-29	275-022 	24.0 	14.0 	5 	8.65 	5.42 	3.94 	4.68 	4.17
464	He2-25	275-031 	827.9 	4.4 	7	3022.50 	1.48 	1.92 	1.70 	 
465	PB4	275-041 	71.0 	10.8 	4 	43.02 	3.58 	3.05 	3.32 	3.09
466	He2-21	275-042 	16.0 	2.4 	7 	196.33 	8.54 	8.45 	8.50 	 
467	NGC2899	277-031 	86.0 	90.0 	4 	0.75 	2.35 	1.34 	1.84 	1.53
468	PB6	278+051 	30.0 	11.0 	4 	17.52 	5.13 	4.00 	4.56 	4.16
469	NGC2867	278-051 	252.0 	15.2 	1 	77.09 	1.99 	1.80 	1.90 	1.79
470	He2-26	278-061 	40.0 	38.0 	4 	1.96 	3.72 	2.33 	3.03 	 
471	He2-36	279-031 	90.0 	10.0 	5 	63.61 	3.28 	2.91 	3.10 	2.67
472	IC2501	281-051 	261.0 	2.0 	4	4611.90 	2.72 	3.69 	3.21 	3.25
473	My60	283+021 	60.0 	7.4 	4 	77.44 	4.09 	3.69 	3.89 	3.67
474	K1-22	283+025 	11.5	181.0 	7 	0.02 	4.89 	1.98 	3.43 	2.91
475	He2-50	283+031 	11.3 	11.8 	7 	5.74 	7.64 	5.33 	6.49 	 
476	Pe1-1	285+011 	125.3 	3.0 	7 	984.02 	3.47 	4.04 	3.75 	 
477	IC2553	285-051 	92.0 	8.8 	4 	83.97 	3.32 	3.03 	3.17 	3.00
478	IC2448	285-141 	73.0 	9.3 	1 	59.66 	3.63 	3.19 	3.41 	3.20
479	NGC3211	286-041 	228.0 	16.0 	3 	62.95 	2.06 	1.82 	1.94 	1.83
480	H2-41	286-061 	41.0 	10.0 	4 	28.98 	4.57 	3.74 	4.16 	3.83
481	He2-51	288-051 	57.0 	9.0 	7 	49.74 	4.05 	3.50 	3.77 	 
482	He2-63	289+071 	12.0 	3.0 	7 	94.24 	9.30 	8.55 	8.93 	 
483	AGCAR	289-001 	347.6 	35.6 	7 	19.39 	1.52 	1.20 	1.36 	 
484	Fg-1	290+071 	55.0 	27.2 	4 	5.25 	3.44 	2.38 	2.91 	2.55
485	IC2621	291-041 	195.0 	5.0 	4 	551.30 	2.65 	2.92 	2.79 	2.74
486	IC2501	291-051 	267.5 	9.0 	7 	233.42 	2.11 	2.13 	2.12 	 
487	NGC3699	292+011 	67.0 	44.8 	4 	2.36 	2.92 	1.86 	2.39 	2.05
488	PB8	292+041 	27.0 	5.0 	4 	76.33 	6.09 	5.49 	5.79 	5.47
489	NGC3918	294+041 	859.0 	16.0 	4 	237.16 	1.18 	1.19 	1.19 	1.15
490	NGC4361	294+431 	207.0	114.0 	4 	1.13 	1.56 	0.93 	1.25 	1.06
491	He2-73	296-031 	76.0 	4.0 	5 	335.73 	4.09 	4.27 	4.18 	4.07
492	NGC3195	296-201 	35.0 	39.4 	4 	1.59 	3.91 	2.40 	3.16 	2.68
493	NGC4071	298-041 	26.0 	63.4 	4 	0.46 	4.11 	2.23 	3.17 	2.58
494	He2-85	300-011 	111.7 	10.2 	7 	75.88 	2.99 	2.70 	2.84 	 
495	He2-86	300-021 	125.0 	3.6 	5 	681.71 	3.37 	3.78 	3.58 	3.53
496	A35	303+401 	255.0	772.0 	7 	0.03 	1.05 	0.44 	0.74 	 
497	Ic4191	304-041 	172.0 	14.0 	4 	62.03 	2.37 	2.10 	2.23 	2.10
498	Th2-A	306-001 	60.0 	24.4 	5 	7.12 	3.37 	2.40 	2.89 	2.57
499	NGC5189	307-031 	455.0	140.0 	1 	1.64 	1.09 	0.67 	0.88 	0.75
500	MyCn18	307-041 	106.0 	6.0 	5 	208.11 	3.33 	3.32 	3.32 	3.21
501	He2-105	308-121 	14.0 	35.0 	5 	0.81 	5.86 	3.36 	4.61 	3.84
502	He2-99	309-041 	18.0 	17.0 	5 	4.40 	5.93 	4.02 	4.98 	4.36
503	NGC5315	309-042 	442.0 	6.1 	1 	839.57 	1.82 	2.09 	1.96 	1.93
504	He2-103	310-021 	18.0 	20.0 	7 	3.18 	5.77 	3.79 	4.78 	 
505	He2-102	311+021 	33.0 	9.0 	5 	28.80 	5.09 	4.17 	4.63 	4.27
506	NGC5307	312+101 	95.0 	12.6 	4 	42.29 	3.09 	2.63 	2.86 	2.67
507	He2-107	312-011 	65.0 	10.0 	5 	45.94 	3.77 	3.23 	3.50 	3.26
508	He2-109	315+051 	15.8 	7.4 	7 	20.39 	7.16 	5.66 	6.41 	 
509	He2-111	315-001 	73.0 	12.0 	7 	35.83 	3.48 	2.91 	3.20 	 
510	He2-131	315-131 	325.0 	6.0 	3 	638.08 	2.08 	2.32 	2.20 	2.17
511	He2-108	316+081 	32.0 	11.0 	4 	18.69 	4.99 	3.91 	4.45 	4.06
512	He2-119	317-051 	94.0 	50.0 	5 	2.66 	2.49 	1.61 	2.05 	1.77
513	A36	318+411 	174.0	367.0 	7 	0.09 	1.39 	0.64 	1.02 	 
514	He2-114	318-021 	11.0 	36.6 	7 	0.58 	6.44 	3.57 	5.01 	 
515	He2-116	318-022 	6.8 	51.0 	7 	0.18 	7.47 	3.70 	5.59 	 
516	HE2-112	319+061 	82.0 	14.6 	4 	27.19 	3.21 	2.62 	2.91 	2.69
517	IC4406	319+151 	110.0 	34.5 	4 	6.53 	2.47 	1.75 	2.11 	1.87
518	He2-138	320-091 	76.0 	7.0 	4 	109.63 	3.74 	3.49 	3.61 	3.43
519	He2-120	321+011 	26.0 	27.0 	5 	2.52 	4.71 	3.03 	3.87 	3.34
520	HE2-115	321+021 	156.0 	3.0 	5	1225.10 	3.17 	3.76 	3.47 	3.44
521	He2-117	321+022 	267.0 	5.0 	5 	754.86 	2.33 	2.64 	2.48 	2.45
522	Pe2-8	322-001 	100.0 	1.6 	5	2760.90 	4.22 	5.44 	4.83 	4.86
523	Mz1	322-021 	61.0 	25.2 	4 	6.79 	3.33 	2.36 	2.85 	2.53
524	NGC5979	322-051 	117.0 	8.0 	4 	129.21 	3.05 	2.90 	2.97 	2.84
525	He2-123	323+021 	110.0 	4.6 	5 	367.43 	3.42 	3.61 	3.52 	3.43
526	He2-132	323-021 	25.0 	18.0 	5 	5.45 	5.12 	3.55 	4.33 	3.82
527	He2-164	323-031 	97.0 	16.0 	7 	26.78 	2.95 	2.40 	2.67 	 
528	He2-125	324+021 	20.4 	3.0 	7 	160.21 	7.44 	7.22 	7.33 	 
529	He2-133	324-011 	210.0 	4.0 	5 	927.68 	2.67 	3.09 	2.88 	2.85
530	He2-129	325+031 	35.0 	1.6 	5 	966.33 	6.56 	7.62 	7.09 	7.02
531	He2-141	325-041 	51.0 	13.8 	4 	18.93 	3.96 	3.11 	3.53 	3.23
532	IC972	326+421 	6.8 	47.0 	7 	0.22 	7.57 	3.81 	5.69 	 
533	NGC5882	327+101 	334.0 	14.0 	1 	120.44 	1.79 	1.69 	1.74 	1.65
534	He2-143	327-011 	120.0 	5.2 	5 	313.67 	3.23 	3.36 	3.30 	3.20
535	He2-140	327-012 	80.0 	2.6 	5 	836.45 	4.29 	4.91 	4.60 	4.55
536	He2-142	327-021 	65.0 	3.4 	4 	397.42 	4.48 	4.76 	4.62 	4.51
537	He2-158	327-061 	2.7 	2.0 	7 	47.71	18.57	15.95	17.26 	 
538	He2-163	327-071 	3.4 	20.0 	7 	0.60	11.63 	6.47 	9.05 	 
539	He2-146	328-021 	186.0 	22.0 	7 	27.16 	2.13 	1.74 	1.93 	 
540	Sp1	329+021 	75.0 	72.0 	7 	1.02 	2.58 	1.52 	2.05 	 
541	He2-149	329-021 	10.0 	3.0 	5 	78.53	10.04 	9.07 	9.55 	9.02
542	Mz2	329-022 	75.0 	22.8 	4 	10.20 	3.10 	2.29 	2.70 	2.42
543	He2-153	330-021 	1.1 	13.0 	7 	0.46	20.02	10.84	15.43 	 
544	He2-159	330-031 	25.0 	10.0 	7 	17.67 	5.62 	4.38 	5.00 	 
545	NGC5873	331+161 	48.0 	5.4 	4 	116.35 	4.72 	4.44 	4.58 	4.37
546	Mz3	331-011 	649.0 	25.4 	4 	71.10 	1.23 	1.11 	1.17 	1.10
547	He2-157	331-021 	30.0 	3.0 	7 	235.60 	6.33 	6.38 	6.35 	 
548	He2-161	331-022 	32.0 	10.0 	5 	22.62 	5.07 	4.05 	4.56 	4.18
549	He2-165	331-032 	15.9 	50.0 	7 	0.45 	5.25 	2.84 	4.04 	 
550	He2-164	332-031 	97.0 	16.0 	5 	26.78 	2.95 	2.40 	2.67 	2.46
551	He2-152	333+011 	196.0 	11.0 	5 	114.49 	2.33 	2.19 	2.26 	2.16
552	IC4642	334-091 	60.0 	15.4 	5 	17.88 	3.63 	2.84 	3.23 	2.95
553	He2-169	335-011 	128.0 	8.0 	5 	141.36 	2.94 	2.82 	2.88 	2.76
554	Hf2-1	335-041 	9.1 	9.4 	7 	7.28 	8.69 	6.19 	7.44 	 
555	Pe1-6	336+011 	40.0 	7.2 	5 	54.54 	4.87 	4.25 	4.56 	4.27
556	He2-186	336-051 	21.0 	3.0 	5 	164.92 	7.35 	7.15 	7.25 	6.95
557	PC14	336-061 	30.0 	7.0 	5 	43.27 	5.52 	4.70 	5.11 	4.76
558	He2-155	338+051 	70.0 	14.6 	5 	23.21 	3.43 	2.75 	3.09 	2.84
559	NGC6326	338-081 	70.0 	11.8 	1 	35.53 	3.55 	2.97 	3.26 	3.03
560	LoTr5	339+881 	5.6 	10.6 	7 	3.52	10.45 	6.93 	8.69 	 
561	K1-32	340+121 	3.5 	59.0 	3 	0.07 	9.65 	4.34 	6.99 	5.33
562	NGC6153	341+051 	477.0 	23.4 	1 	61.57 	1.42 	1.26 	1.34 	1.26
563	NGC6026	341+131 	22.0 	42.0 	3 	0.88 	4.71 	2.72 	3.72 	3.10
564	H1-13	342+001 	620.0 	14.0 	3 	223.58 	1.38 	1.39 	1.39 	1.34
565	NGC6072	342+101 	164.0 	70.0 	1 	2.37 	1.87 	1.19 	1.53 	1.32
566	Me2-1	342+271 	30.0 	7.0 	2 	43.27 	5.52 	4.70 	5.11 	4.76
567	Sp3	342-141 	61.0 	35.6 	7 	3.40 	3.15 	2.09 	2.62 	 
568	PC17	343-071 	14.7 	5.0 	7 	41.56 	7.86 	6.67 	7.27 	 
569	IC4637	345+001 	132.5 	18.6 	7 	27.07 	2.53 	2.06 	2.29 	 
570	He2-175	345+061 	26.8 	6.6 	7 	43.49 	5.84 	4.98 	5.41 	 
571	Tc1	345-081 	801.0 	9.6 	4 	614.31 	1.32 	1.47 	1.39 	1.37
572	K1-3	346+121		1116.9 	92.0 	7 	9.33 	0.80 	0.58 	0.69 	 
573	IC4663	346-081 	45.0 	14.4 	4 	15.34 	4.14 	3.19 	3.66 	3.33
574	He2-181	347+051 	62.0 	0.8 	7	6847.10 	5.77 	8.14 	6.96 	7.08
575	IC4699	348-131 	20.0 	6.8 	4 	30.57 	6.57 	5.41 	5.99 	5.53
576	NGC6302	349+011		3034.0 	44.6 	1 	107.81 	0.59 	0.55 	0.57 	0.54
577	M2-4	349+041 	32.0 	2.1 	6 	512.87 	6.52 	7.11 	6.81 	6.68
578	NGC6337	349-011 	103.0 	47.0 	4 	3.30 	2.42 	1.60 	2.01 	1.75
579	H2-1	350+041 	61.0 	2.2 	3 	890.80 	4.94 	5.68 	5.31 	 
580	M1-19	351+041 	20.0 	2.6 	3 	209.11 	7.68 	7.65 	7.66 	6.74
581	M2-5	351+051 	12.0 	5.4 	6 	29.09 	8.46 	6.92 	7.69 	7.09
582	H1-12	352+001 	719.0 	11.0 	3 	419.99 	1.35 	1.45 	1.40 	1.37
583	M2-8	352+051 	18.0 	3.7 	3 	92.93 	7.58 	6.97 	7.27 	6.89
584	H1-30	352-041 	81.3 	1.6 	7	2244.60 	4.61 	5.81 	5.21 	 
585	Fg-3	352-071 	107.0 	2.0 	7	1890.70 	3.96 	4.91 	4.44 	 
586	M2-7	353+061 	7.0 	8.0 	3 	7.73 	9.95 	7.14 	8.55 	7.61
587	M2-10	354+041 	9.1 	2.2 	6 	132.89	10.98	10.45	10.71	10.23
588	Th3-10	355+022 	29.5 	2.0 	7 	521.27 	6.80 	7.42 	7.11 	 
589	H1-9	355+032 	25.0 	0.7 	3	3606.10 	8.64	11.42	10.03 	 
590	M3-21	355-061 	30.0 	5.0 	3 	84.82 	5.83 	5.31 	5.57 	5.27
591	M3-14	355-021 	30.0 	2.8 	3 	270.46 	6.40 	6.54 	6.47 	6.27
592	H1-31	355-024 	16.0 	0.7 	6	2307.90	10.42	13.17	11.80	11.83
593	HE2-283	355-031 	12.0 	2.7 	3 	116.35 	9.46 	8.88 	9.17 	8.74
594	H1-35	355-033 	72.0 	1.1 	3	4205.70 	5.15 	6.92 	6.03 	6.10
595	Hf2-1	355-041 	9.0 	12.0 	3 	4.42 	8.39 	5.69 	7.04 	6.17
596	M1-30	355-042 	31.0 	3.8 	6 	151.74 	6.01 	5.80 	5.90 	5.65
597	M2-11	356+041 	22.0 	2.7 	3 	213.30 	7.33 	7.32 	7.32 	7.07
598	M3-38	356+042 	21.0 	1.8 	7 	458.11 	7.98 	8.60 	8.29 	8.11
599	M1-27	356-022 	63.0 	8.0 	3 	69.58 	3.96 	3.53 	3.74 	3.53
600	H1-39	356-033 	13.0 	1.7 	3 	317.94 	9.85	10.23	10.04 	9.75
601	CN2-1	356-041 	49.0 	1.7 	3	1198.40 	5.64 	6.69 	6.17 	6.13
602	H1-41	356-042 	12.0 	10.0 	3 	8.48 	7.66 	5.55 	6.60 	5.90
603	M2-24	356-052 	3.0 	8.0 	3 	3.31	14.21 	9.36	11.79	10.24
604	H1-23	357+011 	34.8 	2.8 	7 	313.73 	6.01 	6.24 	6.12 	 
605	H1-18	357+024 	33.0 	1.5 	6	1036.60 	6.80 	7.94 	7.37 	7.30
606	M3-7	357+031 	28.0 	6.2 	7 	51.48 	5.79 	5.02 	5.41 	 
607	M3-41	357+032 	75.0 	4.2 	7 	300.51 	4.08 	4.22 	4.15 	 
608	M3-42	357+034 	6.0 	6.0 	3 	11.78	11.12 	8.32 	9.72 	8.75
609	H2-7	357+041 	9.0 	4.1 	3 	37.84 	9.98 	8.38 	9.18 	8.52
610	M4-3	357+071 	28.0 	1.3 	6	1171.00 	7.45 	8.81 	8.13 	8.08
611	M2-16	357-032 	24.8 	5.4 	7 	60.11 	6.23 	5.49 	5.86 	 
612	M2-18	357-034 	17.0 	1.5 	3 	534.03 	8.98 	9.82 	9.40 	9.22
613	H1-42	357-041 	40.0 	5.8 	7 	84.04 	5.04 	4.59 	4.82 	 
614	M2-22	357-042 	6.5 	5.0 	3 	18.38	11.08 	8.66 	9.87 	8.99
615	H1-43	357-043 	6.0 	3.0 	3 	47.12	12.44	10.68	11.56	10.87
616	M1-34	357-051 	14.7 	11.2 	7 	8.28 	6.90 	4.99 	5.95 	 
617	M4-6	358+011 	42.0 	2.0 	6 	742.14 	5.86 	6.63 	6.25 	6.16
618	M3-10	358+031 	29.0 	3.2 	7 	200.17 	6.35 	6.30 	6.33 	 
619	H2-10	358+032 	20.0 	2.0 	7 	353.40 	8.01 	8.41 	8.21 	 
620	Th3-19	358+033 	4.2 	2.0 	7 	74.21	15.43	13.85	14.64	10.12
621	H1-19	358+034 	26.0 	1.4 	3 	937.59 	7.60 	8.79 	8.19 	8.11
622	H1-20	358+036 	43.9 	4.0 	7 	193.93 	5.15 	5.09 	5.12 	 
623	H1-17	358+037 	35.0 	0.9 	3	3054.10 	7.20 	9.37 	8.28 	8.35
624	Th3-26	358+038 	10.0 	6.5 	3 	16.73 	8.86 	6.86 	7.86 	7.15
625	M3-8	358+041 	20.0 	2.9 	3 	168.09 	7.54 	7.35 	7.45 	7.15
626	M3-39	358+051 	280.0 	20.0 	3 	49.48 	1.82 	1.58 	1.70 	1.59
627	M3-40	358+052 	17.0 	2.5 	3 	192.25 	8.27 	8.17 	8.22 	7.91
628	M3-36	358+071 	3.5 	3.2 	3 	24.16	15.44	12.40	13.92	12.76
629	M1-26	358-002 	400.0 	3.2 	2	2760.90 	2.11 	2.72 	2.42 	2.43
630	M4-7	358-021 	33.0 	5.7 	3 	71.79 	5.48 	4.91 	5.20 	4.90
631	M3-16	358-022 	17.0 	6.6 	7 	27.58 	7.07 	5.76 	6.42 	 
632	M3-17	358-031 	12.0 	2.9 	7 	100.85 	9.35 	8.66 	9.00 	8.54
633	H1-46	358-041 	43.0 	1.2 	3	2110.60 	6.31 	7.91 	7.11 	7.12
634	Pe1-11	358-051 	8.0 	9.0 	7 	6.98 	9.23 	6.56 	7.90 	7.01
635	H1-50	358-053 	31.0 	1.4 	3	1117.90 	7.06 	8.31 	7.68 	 
636	NGC6563	358-071 	69.0 	45.2 	1 	2.39 	2.88 	1.84 	2.36 	2.03
637	IC1297	358-211 	68.9 	7.0 	7 	99.38 	3.89 	3.60 	3.75 	 
638	Th3-25	359+032 	18.0 	1.8 	7 	392.67 	8.51 	9.03 	8.77 	 
639	M3-9	359+052 	35.0 	16.8 	7 	8.76 	4.49 	3.27 	3.88 	 
640	M3-37	359+061 	5.0 	2.2 	7 	73.02	14.12	12.66	13.39 	 
641	A40	359+151 	2.0 	29.0 	7 	0.17	13.68 	6.71	10.20 	 
642	Hb-5	359-001 	548.0 	20.0 	7 	96.83 	1.38 	1.27 	1.32 	 
643	M1-29	359-011 	97.0 	7.0 	7 	139.92 	3.37 	3.23 	3.30 	 
644	M3-16	359-022 	17.0 	6.2 	3 	31.77 	7.15 	5.91 	6.53 	5.94
645	H1-40	359-023 	31.0 	1.3 	6	1296.50 	7.14 	8.53 	7.84 	7.79
646	H2-33	359-032 	5.0 	8.0 	7 	5.52	11.46 	7.95 	9.71 	 
647	M2-27	359-042 	50.0 	2.3 	6 	668.05 	5.33 	5.96 	5.65 	5.56
