ID   	l		b		Name   	PK	HelioVel(km/s) HelioVelUncert(km/s)
1	359.9997	-06.8506	H1-62	359- 6 1 	-86.6 	4.7
2	000.1661	+17.2484	PC12 	0+ 17 1 	-60.3	15.0
3	000.1907	+04.3733	H1-16 	0+ 4 2 	55.6 	7.3
4	000.1238	-01.1458	M3-43 	0- 1 1 	-7.3 	4.7
5	000.2053	-02.3420	Bl3-10 	0- 2 2	-109.0	40.0
6	000.1551	-05.6171	H2-40 	0- 5 1 	-54.3 	4.1
7	000.1193	-08.0970	SB1 	  	-54.0	15.0
8	000.2313	-01.9301	M2-19 	0- 1 5 	-61.2	12.0
9	000.2598	-04.6385	Wray16-363 	0- 4 3 	121.4	14.0
10	000.3618	+12.2146	IC4634 	0+ 12 1 	-36.3 	2.3
11	000.3662	+06.9368	Trz41 	  	5.8	14.6
12	000.3927	-02.8291	M3-47 	0- 2 5 	-16.0 	5.0
13	000.3586	-04.6595	M2-28 	0- 4 1 	-29.9 	8.7
14	000.4136	-01.9898	M2-20 	0- 1 6 	58.7	15.0
15	000.4838	-02.9270	M3-19 	0- 2 6 	141.7	15.0
16	000.5758	-01.6399	Al2-Q 	0- 1 7 	-67.0	15.0
17	000.5540	-03.1205	KFL1 	  	-52.8	14.0
18	000.6020	-02.3778	H2-32 	0- 2 3 	128.7	15.0
19	000.5983	-05.3918	SB2 	  	3.0	15.0
20	000.7125	+04.7028	H2-11 	0+ 4 1 	10.2 	6.1
21	000.7255	+03.2471	He2-250 	0+ 3 1	-175.1 	8.0
22	000.7027	-02.7611	M2-21 	0- 2 4	-164.5 	2.0
23	000.7121	-03.7918	M3-22 	0- 3 1 	-56.2 	4.9
24	000.7782	-06.1846	SB3 	  	68.0	15.0
25	000.7685	-07.4840	M2-35 	0- 7 1 	-30.1	10.2
26	000.8976	-07.6578	H2-46 	0- 7 2 	47.9	39.8
27	000.9497	-02.0869	Bl3-13 	0- 2 1 	246.0	35.8
28	000.9242	-04.8533	M3-23 	0- 4 2	-153.0 	0.8
29	001.0732	-02.6162	Sa3-104 	1- 2 2 	87.0	40.0
30	001.1103	-06.4920	SB4 	  	21.0	15.0
31	001.2409	+02.1706	He2-262 	1+ 2 1	-172.4 	3.1
32	001.2950	-03.0405	H1-47 	1- 3 1 	107.5 	3.1
33	001.2150	-03.9008	ShWi2-5	358- 3 8	-129.6 	7.6
34	001.3005	-05.6662	SB5 	  	-31.0	15.0
35	001.4231	+05.3876	H1-15 	1+ 5 2 	33.0 	4.8
36	001.4423	-03.4091	ShWi1	358- 3 4 	-39.4 	6.1
37	001.5907	-06.7176	SwSt1 	1- 6 2 	-17.0 	1.6
38	001.6787	-05.9545	SB6 	  	31.0	15.0
39	001.7098	+05.7341	H1-14 	1+ 5 1 	60.3 	4.1
40	001.7721	-01.6074	H2-31 	1- 1 3 	120.0	40.0
41	001.7138	-04.4555	H1-55 	1- 4 1 	-35.6	32.6
42	001.7358	-04.6056	H1-56 	1- 4 2	-116.6 	2.0
43	001.7969	-03.8754	ShWi 7	358- 3 10	-222.0	15.0
44	002.0187	-02.0565	H1-45 	2- 2 1 	-19.2	18.3
45	002.0229	-06.2247	M2-33 	2- 6 1	-126.0 	2.0
46	002.1005	-13.4439	IC4776 	2-13 1 	16.3 	0.6
47	002.1393	-02.2301	M3-20 	2- 2 2 	24.3 	2.0
48	002.1157	-04.2043	H1-54 	2- 4 1	-137.4	13.0
49	002.2856	-02.5710	KFL2 	  	-80.3	55.2
50	002.2264	-02.7854	M2-23 	2- 2 4 	186.7 	0.3
51	002.2640	-06.3949	H1-63 	2- 6 2 	-29.4	10.3
52	002.2912	-09.4809	Cn1-5 	2- 9 1 	-30.9 	3.9
53	002.3525	-03.4125	H2-37 	2- 3 2	-156.8	14.0
54	002.3528	-07.8672	M2-41 	2- 7 1 	-26.2	14.7
55	002.4323	+05.8468	NGC6369 	2+ 5 1	-100.9 	1.6
56	002.4833	-03.7454	M1-38 	2- 3 5 	-82.8 	9.1
57	002.5819	-01.7716	Pe2-11 	2- 1 1 	155.0	40.0
58	002.5524	-05.4284	KFL14 	  	93.0	15.7
59	002.6222	+08.1904	H1-11 	2+ 8 1 	4.3 	0.6
60	002.6092	+05.5937	K5-3 	  	144.9 	7.1
61	002.6925	+04.2134	Th3-27 	2+ 4 1	-135.3	10.1
62	002.6068	+02.1082	K5-13 	  	237.2 	6.8
63	002.6812	-03.4687	M1-37 	2- 3 3 	220.5 	0.9
64	002.7385	-04.8516	M1-42 	2- 4 2 	-86.5 	0.2
65	002.7119	-52.4402	IC5148 	2-52 1 	-26.2 	3.6
66	002.7997	+01.7465	K5-16 	  	-32.6 	3.8
67	002.7970	+01.6944	H2-20 	2+ 1 1 	164.1 	8.8
68	002.9269	+06.5643	PM1-149 	  	70.0	15.0
69	002.9057	-04.0145	H2-39 	2- 3 6 	36.6	14.0
70	003.0017	-02.6393	KFL4 	  	17.0	15.0
71	003.1931	+03.4123	H2-17 	3+ 3 1 	85.4 	4.1
72	003.1709	+02.9286	Hb4 	3+ 2 1 	-60.0 	1.5
73	003.2610	-04.4265	KFL12 	  	100.5	23.5
74	003.2831	-06.1990	M2-36 	3- 6 1 	73.0 	2.0
75	003.3263	-04.6599	Ap1-12 	3- 4 7 	151.1 	5.8
76	003.3241	-06.1964	SB7 	  	-27.0	15.0
77	003.3097	-07.5233	KFL19 	  	47.0	10.2
78	003.4917	-04.8743	H2-43 	3- 4 9 	-15.6	27.1
79	003.5565	-02.4107	IC4673 	3- 2 3 	-15.3 	2.0
80	003.5320	-04.6218	NGC6565 	3- 4 5 	-5.9 	1.6
81	003.6772	+04.9587	PM1-159 	  	-85.5 	4.2
82	003.6181	+03.1846	M2-14 	3+ 3 2 	-48.2 	3.7
83	003.6540	-02.3549	M2-26 	3- 2 2 	-52.9 	6.9
84	003.7018	+07.9364	H2-8 	3+ 7 1 	26.3	39.1
85	003.7896	-04.6577	M2-30 	3- 4 8 	154.9 	2.9
86	003.8051	+05.3325	H2-15 	3+ 5 1 	-63.2 	3.7
87	003.8500	-04.3519	H1-59 	3- 4 3 	7.0	40.0
88	003.8584	-04.5762	H2-41 	3- 4 4 	26.3 	4.4
89	003.8951	-17.1953	Hb8 	3-17 1 	180.5 	3.0
90	003.8969	+02.6607	IRAS17414-2412 	  	14.3 	4.3
91	003.9233	-02.3230	M1-35 	3- 2 1 	67.9 	1.6
92	003.9377	-03.1264	KFL7 	  	-91.0	15.0
93	003.9646	-14.9035	Hb7 	3-14 1 	-65.3 	2.6
94	004.0874	-03.0049	M2-29 	4- 3 1	-112.2 	2.6
95	004.0424	-05.8058	Pe1-12 	4- 5 3 	159.2 	4.4
96	004.0076	-11.1018	M3-29 	4-11 1 	49.3 	2.4
97	004.1493	-03.8660	KFL11 	4- 3 B 	-39.2	31.2
98	004.2458	-03.2595	KFL10 	4- 3 A	-128.2	19.1
99	004.1992	-04.3987	H1-60 	4- 4 1 	24.4 	8.6
100	004.2667	-05.2214	SB8 	  	40.0	15.0
101	004.2758	-05.9161	M2-37 	4- 5 5 	59.1 	4.7
102	004.3113	+01.8456	H2-24 	4+ 1 1	-198.2 	4.1
103	004.3758	-02.6580	H1-53 	4- 2 1 	75.0 	5.0
104	004.5157	+06.8412	H2-12 	4+ 6 1	-176.8	12.0
105	004.6491	+06.0910	H1-24 	4+ 6 2 	158.1 	1.1
106	004.6100	-09.9302	SB9 	  	-22.0	15.0
107	004.7610	-05.5312	SB10 	  	54.0	15.0
108	004.7764	-11.8959	He2-418 	4-11 2 	109.3	15.1
109	004.8609	+02.0532	H2-25 	4+ 2 1 	16.2 	8.1
110	004.8065	-05.0237	M3-26 	4- 5 1 	-9.8	10.3
111	004.9393	+04.9362	M1-25 	4+ 4 1 	14.1 	2.0
112	004.9706	-04.9620	M1-44 	4- 4 2	-107.7	23.4
113	005.0083	+04.4894	H1-27 	5+ 4 1 	19.0 	4.9
114	005.0364	+03.0688	Pe1-9 	5+ 3 1	-129.2 	4.5
115	005.0229	-03.9446	H2-42 	5- 3 2	-118.7	14.0
116	005.1779	+02.0167	K5-19 	  	-79.6 	5.5
117	005.1299	-03.0816	H1-58 	5- 3 1 	74.0	40.0
118	005.1383	-08.9027	Hf2-2 	5- 8 1 	54.9	14.0
119	005.2074	+05.6859	M3-12 	5+ 5 1 	16.5 	1.2
120	005.2571	+04.2869	M3-13 	5+ 4 2 	127.2	14.0
121	005.2677	-05.9260	SB11 	  	95.0	15.0
122	005.2056	-18.6908	StWr2-21 	5-18 1 	194.4	40.0
123	005.4785	-06.1111	SB12 	  	25.0	15.0
124	005.5605	+06.1874	M3-11 	5+ 6 1 	-2.1	13.4
125	005.5585	+02.7094	H1-34 	5+ 2 1 	13.3	11.3
126	005.5464	-02.5093	M3-24 	5- 2 1 	119.2	20.1
127	005.5178	-04.0075	H2-44 	5- 4 1 	-56.9	14.0
128	005.6420	-04.7592	KFL16 	  	35.0	18.0
129	005.7754	-03.6302	KFL13 	  	-81.7	10.3
130	005.7306	-05.3511	M2-38 	5- 5 1 	-77.3 	8.0
131	005.8886	+05.1350	H2-16 	5+ 5 2 	-56.6 	4.7
132	005.8849	-06.1489	NGC6620 	5- 6 1 	69.6 	0.4
133	006.0797	+03.1526	M1-28 	6+ 3 2 	18.0 	5.0
134	006.0404	-03.6208	M2-31 	6- 3 3 	151.6 	0.2
135	006.1876	+08.3616	M1-20 	6+ 8 1 	59.9 	0.4
136	006.2900	-03.7570	KFL15 	  	127.8	19.4
137	006.3851	+04.4670	H2-18 	6+ 4 1	-113.4	14.0
138	006.3425	+03.3298	H2-22 	6+ 3 1 	-3.0	40.0
139	006.4545	+02.0150	M1-31 	6+ 2 5 	68.8 	1.8
140	006.4509	-04.6696	Pe2-13 	6- 4 1 	32.4 	4.3
141	006.5529	-03.1583	H1-61 	6- 3 1 	52.5 	5.0
142	006.5496	-05.8308	SB13 	  	57.0	15.0
143	006.7701	-02.2478	M1-41 	6- 2 1 	-5.9 	5.4
144	006.8026	+04.1606	M3-15 	6+ 4 2 	97.2 	0.7
145	006.8591	+02.3377	Th4-7 	6+ 2 3 	12.0	40.0
146	006.8978	+02.0267	Pe2-10 	6+ 2 4 	-39.0	40.0
147	006.8538	-03.4943	H2-45 	6- 3 2 	91.1	14.0
148	006.8442	-08.6683	Wray15-1876 	6- 8 1 	71.3	14.0
149	007.0487	+06.3272	M1-24 	7+ 6 2 	-26.3	13.3
150	007.1007	-06.0446	H1-66 	7- 6 1 	85.1	14.4
151	007.0425	-06.8402	Vy2-1 	7- 6 2 	107.7	13.3
152	007.2763	+01.8440	Hb6 	7+ 1 1 	10.3 	3.1
153	007.5710	+07.4914	M1-22 	7+ 7 1 	-1.4 	2.0
154	007.5352	+04.3774	Th4-1 	7+ 4 1	-110.6 	7.8
155	007.6718	+06.9401	M1-23 	7+ 6 1 	-73.5	10.3
156	007.7806	-05.3747	SB14 	  	31.0	15.0
157	007.8127	-03.7008	M2-34 	7- 3 1 	66.7 	9.4
158	007.8827	-04.4074	H1-65 	7- 4 1 	122.4	12.7
159	007.9828	+10.1512	MaC1-4 	7+10 1 	-45.0	14.0
160	008.0760	+03.9048	NGC6445 	8+ 3 1 	16.2 	0.7
161	008.1477	-04.7510	M2-39 	8- 4 1 	72.7 	4.7
162	008.2867	+06.8740	He2-260 	8+ 6 1 	21.7 	0.2
163	008.2195	-04.8444	M2-42 	8- 4 2 	121.2	13.3
164	008.3355	-01.1037	M1-40 	8- 1 1 	-34.4 	2.0
165	008.3966	-07.3200	NGC6644 	8- 7 2 	191.0 	1.3
166	008.4351	-03.6628	H1-64 	8- 3 1 	82.6 	4.7
167	008.6516	-02.6193	MaC1-11 	8- 2 1 	-89.0	40.0
168	008.6471	-07.0187	He2-406 	8- 7 1 	28.2 	5.2
169	008.8617	+05.2257	Th4-2 	8+ 5 1 	44.8 	4.7
170	009.0480	+04.1459	Th4-5 	9+ 4 1 	-19.4 	4.7
171	009.3418	+04.1866	Th4-6 	9+ 4 2 	16.0	15.0
172	009.3239	+02.7982	Th4-9 	9+ 2 1 	64.0	40.0
173	009.3043	-06.5268	SB15 	  	165.0	15.0
174	009.4070	-05.0489	NGC6629 	9- 5 1 	14.6 	1.3
175	009.4886	-05.6901	SB16 	  	61.0	15.0
176	009.4051	-09.8879	M3-32 	9- 9 1 	58.4 	1.8
177	009.6555	+14.8132	NGC6309 	9+14 1 	-47.3 	1.6
178	009.6620	+10.5134	A41 	9+10 1 	29.7 	3.6
179	009.6343	-10.6511	M3-33 	9-10 1 	179.3 	2.0
180	009.8943	-04.6344	H1-67 	9- 4 1 	-8.3	10.4
181	009.8755	-07.5576	GJJC1 	  	-32.0	30.0
182	010.0992	+00.7393	NGC6537 	10+ 0 1 	-16.9 	1.9
183	010.4963	+04.5529	M2-17 	10+ 4 1 	-39.0	10.2
184	010.6567	+03.2622	Th4-10 	10+ 3 1 	28.0 	3.0
185	010.7020	+07.4702	Sa2-230 	10+ 7 1 	113.8	14.0
186	010.7705	-06.4768	IC4732 	10- 6 1	-145.8 	0.9
187	010.8006	-06.7076	Pe1-13 	10- 6 2 	-86.6	14.0
188	010.8991	+18.0564	M2-9 	10+18 2 	87.5 	2.6
189	010.8183	-01.8268	NGC6578 	10- 1 1 	4.4 	1.8
190	011.0000	+06.2848	M2-15 	11+ 6 1 	-15.9 	5.5
191	011.0116	+05.8944	NGC6439 	11+ 5 1 	-96.7 	5.9
192	011.0448	-05.1104	M1-47 	11- 5 1 	-67.2	11.2
193	011.1392	+11.5510	M2-13 	11+11 1 	59.1	16.2
194	011.1916	+07.0144	Sa2-237 	  	-86.4	14.5
195	011.1970	-07.9196	SB17 	  	145.0	15.0
196	011.3924	+02.8501	Th4-11 	11+ 2 1 	-62.0	40.0
197	011.3414	-09.4476	H2-48 	11- 9 1 	-5.3	12.7
198	011.4873	-07.3634	SB18 	  	-2.0	15.0
199	011.7899	-00.1022	M1-43 	11- 0 1 	-19.0	40.0
200	011.7437	-00.6499	NGC6567 	11- 0 2 	119.3 	0.7
201	011.7924	-06.6545	M1-55 	11- 6 1 	-22.4 	4.7
202	011.9770	+04.2338	M1-32 	11+ 4 1 	-90.6 	7.6
203	012.2189	+04.9239	PM1-188 	  	41.9 	1.2
204	012.5281	-09.8710	M1-62 	12- 9 1 	45.7	11.1
205	012.6074	-02.7007	M1-45 	12- 2 1 	139.8	20.1
206	013.0095	-04.3164	Pe2-14 	13- 4 1 	88.1	19.1
207	013.1180	+04.1523	M1-33 	13+ 4 1 	-56.8 	6.0
208	013.3195	+32.7353	Sn1 	13+32 1	-125.5	38.5
209	013.4726	-03.9440	M1-48 	13- 3 1 	128.7	13.3
210	013.7226	-10.6156	Y-C2-32 	13-10 1 	34.4	14.0
211	013.8469	-07.9916	PC21 	13- 7 1 	43.2	14.0
212	014.0276	-05.5257	V-V3-5 	14- 5 1 	-45.5 	2.0
213	014.2909	-07.3698	M3-31 	14- 7 1 	-88.3 	2.3
214	014.3533	-05.5356	V-V3-6 	14- 5 2 	-29.0	15.0
215	014.4407	-06.1476	SB19 	  	72.0	15.0
216	014.6216	-04.3797	M1-50 	14- 4 1 	11.5 	8.9
217	014.7508	-11.8852	SaWe4 	  	20.0	15.0
218	014.8911	-08.4851	SB20 	  	-24.0	15.0
219	014.9494	+06.4601	K2-5 	14+ 6 1 	-10.9	15.8
220	015.4908	-04.5927	M1-53 	15- 4 1 	53.6 	3.2
221	015.6281	-03.0134	A44 	15- 3 1 	44.0 	6.0
222	015.9287	+03.3574	M1-39 	15+ 3 1 	99.3	12.3
223	016.0048	+13.5936	A42 	16+13 1 	10.0	15.0
224	016.0656	-04.3901	M1-54 	16- 4 1 	-47.4 	4.2
225	016.0137	-07.6231	SB21 	  	66.0	15.0
226	016.1568	-04.7814	M1-56 	16- 4 2 	-3.8	27.7
227	016.4511	-01.9752	M1-46 	16- 1 1 	29.3 	5.0
228	016.7365	-07.3566	SB22 	  	-10.0	15.0
229	017.3052	-21.9727	A65 	17-21 1 	13.0 	4.0
230	017.5450	-07.4197	SB23 	  	52.0	15.0
231	017.5545	-09.2840	SB24 	  	22.0	15.0
232	017.6167	-10.2416	A51 	17-10 1 	16.8 	9.2
233	017.7222	-02.9557	M1-52 	17- 2 1 	133.1 	5.0
234	017.9088	-04.8317	M3-30 	17- 4 1 	53.5	14.0
235	018.0865	+20.1520	Na1 	18+20 1 	18.4 	9.4
236	018.6299	-02.2382	M3-54 	18- 2 1 	156.2 	6.5
237	018.9051	+04.1707	M3-52 	18+ 4 1 	-14.0 	6.0
238	018.9036	+03.6893	M4-8 	18+ 3 1 	28.3 	4.7
239	019.2334	-02.2457	M4-10 	19- 2 1 	49.6 	4.4
240	019.4058	-05.3427	M1-61 	19- 5 1 	29.9	10.8
241	019.4228	-13.6251	DeHt3 	19-13 1 	-37.2	14.0
242	019.7518	+03.2744	M3-25 	19+ 3 1 	162.8	11.8
243	019.7952	-04.5271	M1-60 	19- 4 1 	93.1 	9.7
244	019.8707	+05.6622	CTS1 	  	86.0	15.0
245	019.9422	+00.9144	M3-53 	19+ 0 1 	20.6	14.0
246	020.7792	-05.9661	Sa1-8 	20- 5 1 	33.6	16.6
247	020.9996	-01.1247	M1-51 	21- 1 1 	-6.7 	8.8
248	021.1698	-05.9825	M1-63 	21- 5 1 	8.5	10.3
249	021.2167	-03.9371	We1-7 	21- 3 1 	-11.0	15.0
250	021.7434	-00.6728	M3-55 	21- 0 2 	9.7	15.0
251	021.8204	-00.4772	M3-28 	21- 0 1 	4.7	15.0
252	022.0710	-03.1854	M1-58 	22- 3 1 	57.2 	9.7
253	022.1810	-02.4085	M1-57 	22- 2 1 	79.9	14.1
254	022.5854	+04.8075	MA2 	22+ 4 1 	24.0	15.0
255	023.0206	+04.3074	MA3 	23+ 4 1 	119.0	15.0
256	023.3314	-07.6017	MaC1-16 	23- 7 1 	54.0	15.0
257	023.9281	-02.3443	M1-59 	23- 2 1 	85.9	14.0
258	024.1220	+03.8853	M2-40 	24+ 3 1 	89.1 	4.7
259	024.2182	+05.9329	M4-9 	24+ 5 1 	-35.9	14.0
260	024.2528	-05.2093	M4-11 	24- 5 1 	42.7	14.0
261	024.3670	-03.3616	Pe1-17 	24- 3 1 	1.0	15.0
262	024.8399	-02.7797	M2-46 	24- 2 1 	66.7	15.0
263	025.0268	-11.6661	A60 	25-11 1 	-10.0	15.0
264	025.3335	+40.8361	IC4593 	25+40 1 	22.0 	0.5
265	025.3284	-04.6805	K4-8 	25- 4 1 	-85.0	15.0
266	025.4206	-04.7161	IC1295 	25- 4 2 	-15.8	14.0
267	025.8603	-17.9118	NGC6818 	25-17 1 	-14.1 	0.7
268	025.9685	-10.9557	Na2 	26-11 1 	97.8	12.0
269	027.3893	-03.4008	A49 	27- 3 1 	28.0	15.0
270	027.4888	-03.5056	Vy1-4 	27- 3 2 	54.8	20.7
271	027.6787	+04.2604	M2-43 	27+ 4 1 	96.4 	4.3
272	027.6472	-09.6415	IC4846 	27- 9 1 	151.0 	2.9
273	028.0387	+10.2677	WeSb3 	28+10 1 	49.0	15.0
274	028.2503	-04.0283	Pe1-20 	28- 4 1 	65.0	15.0
275	028.5568	+05.1817	K3-2 	28+ 5 1 	41.0 	5.2
276	028.5968	+01.6566	M2-44 	28+ 1 1 	106.0	40.0
277	028.7921	-03.9054	Pe1-21 	28- 3 1 	-20.0	15.0
278	029.2111	-00.0690	TDC1 	  	-55.0	60.0
279	029.2287	-05.9415	NGC6751 	29- 5 1 	-38.9 	1.7
280	029.8375	-07.8641	LSA1 	  	89.0	15.0
281	031.0651	-10.8976	M3-34 	31-10 1 	48.3 	9.7
282	032.1084	+07.0742	PC19 	32+ 7 2 	20.0	40.0
283	032.7838	-02.0418	M1-66 	32- 2 1 	27.9	14.0
284	032.9172	-02.8644	K3-19 	32- 2 2 	3.5	20.0
285	033.1590	-06.3880	NGC6772 	33- 6 1 	0.0 	3.9
286	033.8076	-02.6920	NGC6741 	33- 2 1 	41.3 	1.4
287	034.5905	-06.7297	NGC6778 	34- 6 1 	91.0 	3.0
288	034.6238	+11.8480	NGC6572 	34+11 1 	-10.1 	0.3
289	036.0535	-01.3673	Sh2-71 	36- 1 1 	24.7 	3.0
290	036.0625	+17.6201	A43 	36+17 1 	-42.0	11.5
291	036.1611	-57.1191	NGC7293 	36-57 1 	-28.2 	3.0
292	037.7619	-34.5712	NGC7009 	37-34 1 	-46.6 	0.6
293	037.8941	-06.3096	NGC6790 	37- 6 1 	40.4 	1.7
294	038.1174	-25.4626	A70 	38-25 1 	-79.0	18.0
295	038.2577	+12.0842	Cn3-1 	38+12 1 	-11.2	17.9
296	038.7303	-03.3271	M1-69 	38- 3 2 	7.0	40.0
297	039.5867	-02.7916	M2-47 	39- 2 1 	22.9	14.0
298	041.8421	-02.9878	NGC6781 	41- 2 1 	4.3 	3.7
299	042.5904	-14.5276	NGC6852 	42-14 1 	-11.0 	5.0
300	042.9690	-06.9201	NGC6807 	42- 6 1 	-67.7 	3.3
301	043.0889	-03.0435	M4-14 	43- 3 1 	31.7	15.0
302	043.1091	+37.7592	NGC6210 	43+37 1 	-36.2 	1.1
303	043.1987	+03.8100	M1-65 	43+ 3 1 	3.7	15.0
304	043.3557	+11.6981	M3-27 	43+11 1 	-6.0	40.0
305	045.4971	-02.7021	Vy2-2 	45- 2 1 	-71.2 	4.0
306	045.7489	-04.5894	NGC6804 	45- 4 1 	-12.0 	3.8
307	046.4448	-04.1246	NGC6803 	46- 4 1 	12.9 	2.3
308	048.7715	+01.9926	He2-429 	48+ 1 1 	-0.8	12.0
309	049.3425	+88.1479	H4-1 	49+88 1	-141.0	12.0
310	051.3617	+01.8143	PM1-295 	51+ 1 1 	13.0	50.0
311	051.4835	+09.6846	Hu2-1 	51+ 9 1 	14.0 	3.1
312	051.9068	-03.8672	M1-73 	51- 3 1 	-13.8	11.5
313	052.2206	-04.0114	M1-74 	52- 4 1 	32.4	17.9
314	052.5423	-02.9603	Me1-1 	52- 2 2 	-6.0 	7.0
315	053.3546	+24.0594	Vy1-2 	53+24 1	-102.0 	4.0
316	054.1969	-12.1129	NGC6891 	54-12 1 	42.3 	1.1
317	055.5073	-00.5578	M1-71 	55- 0 1 	24.7	12.3
318	057.2277	-08.9176	NGC6879 	57- 8 1 	9.0 	6.6
319	058.3296	-10.9792	IC4997 	58-10 1 	-66.2 	1.3
320	059.7940	-18.7294	A72 	59-18 1 	-58.6	23.0
321	060.1384	-07.7328	NGC6886 	60- 7 2 	-35.8	21.1
322	060.3322	-07.3918	He1-5 	60- 7 1 	38.9 	4.8
323	060.8365	-03.6966	NGC6853 	60- 3 1 	-41.8 	0.8
324	061.4915	-09.5712	NGC6905 	61- 9 1 	-8.4 	1.7
325	061.7927	+02.1107	He2-442 	61+ 2 1 	38.7	15.0
326	062.4596	+09.5573	NGC6765 	62+ 9 1 	-60.0	17.9
327	063.1697	+13.9756	NGC6720 	63+13 1 	-19.2 	0.7
328	064.6680	+48.2997	NGC6058 	64+48 1 	2.7 	3.3
329	064.7854	+05.0194	BD+30363 	64+ 5 1 	-31.4 	0.8
330	064.9807	+15.5201	M1-64 	64+15 1 	-25.1 	3.8
331	065.0217	-27.3116	Ps1 	65-27 1	-140.6	16.9
332	065.2583	-05.6907	He1-6 	65- 5 1 	-38.3	15.0
333	065.9142	+00.5972	NGC6842 	65+ 0 1 	-5.0	40.0
334	066.7776	-28.2022	NGC7094 	66-28 1	-101.1	30.8
335	068.3507	-02.7382	He2-459 	68- 2 1 	-72.0	20.0
336	068.6305	+01.1782	He1-4 	68+ 1 2 	-10.5	43.3
337	068.8576	-00.0417	M1-75 	68- 0 1 	-25.3	15.0
338	069.4756	-02.6221	NGC6894 	69- 2 1 	-58.0 	6.0
339	071.6284	-02.3617	M3-35 	71- 2 1	-192.2	18.8
340	072.6557	-17.1518	A74 	72-17 1 	18.0 	4.0
341	074.5522	+02.1140	NGC6881 	74+ 2 1 	-14.4 	2.3
342	077.6995	+14.7784	A61 	77+14 1 	-48.0	30.0
343	078.5283	+18.7239	A50 	78+18 1	-159.0	11.0
344	079.6858	+05.8310	M4-17 	79+ 5 1 	-26.0	40.0
345	081.2962	-14.9131	A78 	81-14 1 	17.0	10.0
346	082.1353	+07.0936	NGC6884 	82+ 7 1 	-35.6 	1.0
347	082.5344	+11.3494	NGC6833 	82+11 1	-108.8 	1.7
348	083.5617	+12.7923	NGC6826 	83+12 1 	-6.2 	0.6
349	084.9299	-03.4964	NGC7027 	84- 3 1 	8.8 	0.6
350	086.5414	-08.8337	Hu1-2 	86- 8 1 	9.9 	4.3
351	088.7803	-01.6799	NGC7048 	88- 1 1 	-50.2 	8.1
352	089.0019	+00.3754	NGC7026 	89+ 0 1 	-40.6 	0.6
353	089.8727	-05.1339	IC5117 	89- 5 1 	-26.1 	1.3
354	093.3785	-02.4540	M1-79 	93- 2 1 	-24.0	40.0
355	093.4129	+05.4924	NGC7008 	93+ 5 2 	-75.7 	2.7
356	093.5306	+01.4737	M1-78 	93+ 1 1 	-88.1 	1.6
357	095.1221	-02.0068	M2-49 	95- 2 1	-134.0	40.0
358	095.2205	+00.7793	K3-62 	95+ 0 1 	-53.0 	4.0
359	096.4680	+29.9544	NGC6543 	96+29 1 	-66.1 	0.4
360	097.5156	+03.1735	A77 	97+ 3 1	-113.4	23.0
361	097.6825	-02.4513	M2-50 	97- 2 1	-136.0	40.0
362	100.0322	-08.7620	Me2-2	100- 8 1	-152.0 	5.0
363	100.6223	-05.4025	IC5217	100- 5 1 	-98.6 	0.4
364	103.2237	+00.6747	M2-51	103+ 0 1 	-11.0	40.0
365	103.7930	+00.4530	M2-52	103+ 0 2 	-92.0	40.0
366	104.1186	+07.9132	NGC7139	104+ 7 1 	-54.2 	2.5
367	104.2067	-29.6391	Jn1	104-29 1 	-67.0	30.0
368	104.4068	-01.6107	M2-53	104- 1 1 	-62.0	40.0
369	106.5592	-17.6009	NGC7662	106-17 1 	-13.2 	0.7
370	107.6018	-13.3222	Vy2-3	107-13 1 	-49.5 	3.8
371	107.7280	+07.8084	IsWe2 	  	-8.0 	2.0
372	107.7845	-02.2914	M1-80	107- 2 1 	-58.2	10.2
373	107.8437	+02.3145	NGC7354	107+ 2 1 	-41.8 	1.0
374	108.3710	-76.1856	BoBn1	108-76 1 	196.0	10.0
375	110.1222	+01.9259	PM1-339 	  	-80.0	30.0
376	111.3869	+06.9407	KjPn6	111+ 6 1 	-68.3 	3.0
377	111.8780	-02.8498	Hb12	111- 2 1 	-5.0 	2.3
378	112.5389	-00.1395	KjPn8	112- 0 1 	-40.6	10.0
379	112.5667	+03.7986	K3-88	112+ 3 1 	-54.7 	4.0
380	114.0665	-04.6705	A82	114- 4 1 	-30.5 	3.3
381	116.2933	+08.5314	M2-55	116+ 8 1 	-22.4 	2.9
382	118.0617	-08.6894	Vy1-1	118- 8 1 	-50.4 	3.8
383	118.8702	-74.7100	NGC246	118-74 1 	-46.0 	4.5
384	119.3694	+00.3295	BV5-1	119+ 0 1 	-71.9 	4.3
385	119.6696	-06.7596	Hu1-1	119- 6 1 	-53.7 	3.0
386	120.0162	+09.8681	NGC40	120+ 9 1 	-20.4 	0.9
387	120.2764	-05.3851	Sh2-176	120- 5 1 	-37.0	30.0
388	121.6689	+00.0134	BV5-2	121+ 0 1 	-39.0	40.0
389	121.6759	+03.5558	We1-1	121+ 3 1 	-77.3 	5.0
390	122.1525	-04.9030	A2	122- 4 1 	-41.8 	3.1
391	123.6510	+34.5388	IC3568	123+34 1 	-41.1 	0.8
392	126.3848	+02.9970	K3-90	126+ 3 1 	-49.4 	5.0
393	128.0274	-04.0583	Simeiz22	128- 4 1 	-26.0	10.0
394	130.2773	+01.3976	IC1747	130+ 1 1 	-66.5 	3.3
395	130.3602	-11.7385	M1-1	130-11 1 	-38.0 	1.9
396	130.4839	+03.1538	K3-92	130+ 3 1 	-61.7 	2.8
397	130.9339	-10.5052	NGC650-1	130-10 1 	-19.1 	1.2
398	131.4217	-05.4470	BV5-3	131- 5 1 	-59.0	40.0
399	133.1181	-08.6368	M1-2	133- 8 1 	-12.1 	2.0
400	136.3931	+05.5379	HFG1	136+ 5 1 	-26.0 	1.0
401	138.8166	+02.8045	IC289	138+ 2 1 	-13.4 	4.0
402	144.5605	+06.5515	NGC1501	144+ 6 1 	36.2 	1.4
403	146.7948	+07.6012	M4-18	146+ 7 1 	-17.0	12.0
404	147.4004	-02.3069	M1-4	147- 2 1 	-33.0 	4.0
405	147.8729	+04.1943	M2-2	147+ 4 1 	-7.0	40.0
406	148.4893	+57.0501	NGC3587	148+57 1 	6.0 	3.1
407	149.7147	-03.3976	IsWe1	150- 3 1 	-1.5 	0.5
408	158.8018	+37.1794	A28	158+37 1 	-2.0	30.0
409	159.0598	-15.1906	IC351	159-15 1 	-9.1 	1.4
410	161.2774	-14.8907	IC2003	161-14 1 	-15.5 	2.2
411	164.8060	+31.1811	JnEr1	164+31 1 	-84.3 	8.8
412	165.5337	-15.2884	NGC1514	165-15 1 	59.8 	4.4
413	165.5433	-06.5737	K3-67	165- 6 1 	-77.0 	1.4
414	166.1563	+10.4755	IC2149	166+10 1 	-30.7 	2.1
415	167.0432	-00.9723	A8	167- 0 1 	58.2 	6.5
416	167.4629	-09.1108	K3-66	167- 9 1 	-67.5 	1.7
417	169.6509	-00.0749	IC2120	169- 0 1 	-8.0 	4.6
418	170.7398	+04.6506	K3-69	170+ 4 1 	22.9 	4.0
419	171.2998	-25.8130	Ba1	171-25 1 	-17.0 	0.1
420	173.5108	+03.2261	Pu2	173+ 3 1 	45.0 	5.2
421	173.7726	-05.8695	K2-1	173- 5 1 	19.2 	4.5
422	174.2483	-14.6039	H3-29	174-14 1 	-19.9 	2.0
423	178.3262	-02.5721	K3-68	178- 2 1 	65.0 	4.8
424	181.5300	+00.9222	Pu1	181+ 0 1 	38.6 	5.1
425	184.0453	-02.1424	M1-5	184- 2 1 	37.0 	3.2
426	184.6072	+00.6670	K3-70	184+ 0 1 	26.9 	4.5
427	184.8914	+04.4045	K3-71	184+ 4 1 	18.0 	2.5
428	189.1563	+19.8433	NGC2371-2	189+19 1 	20.8 	3.2
429	189.8943	+07.7930	M1-7	189+ 7 1 	2.1 	9.2
430	190.3949	-17.7599	J320	190-17 1 	-23.4 	0.7
431	193.6471	-09.5741	H3-75	193- 9 1 	22.9 	2.0
432	194.2425	+02.5957	J900	194+ 2 1 	47.2 	0.4
433	196.6849	-10.9418	NGC2022	196-10 1 	14.0 	1.5
434	197.2708	-14.2375	K1-7	197-14 1 	57.6 	3.5
435	197.4051	-06.4420	WeDe1	197- 6 1 	16.0	30.0
436	197.8784	+17.4002	NGC2392	197+17 1 	75.0 	2.1
437	204.1650	+04.7599	K2-2	204+ 4 1 	28.0	30.0
438	205.1438	+14.2397	A21	205+14 1 	28.8 	5.2
439	205.8739	-26.7306	MaC2-1	205-26 1 	74.1 	0.3
440	206.4767	-40.5642	NGC1535	206-40 1 	-3.2 	1.4
441	210.3784	+01.9036	M1-8	210+ 1 1 	52.0	40.0
442	211.2248	-03.5323	M1-6	211- 3 1 	65.6 	0.2
443	212.0330	+04.3559	M1-9	212+ 4 1 	118.0	14.0
444	215.2120	-24.2837	IC418	215-24 1 	61.9 	0.5
445	215.5701	-30.8542	A7	215-30 1 	18.0 	7.5
446	215.6328	+11.1756	K1-11	215+11 1 	26.8 	2.8
447	215.6991	+03.6213	NGC2346	215+ 3 1 	21.8 	0.9
448	217.0436	-00.0591	MaC1-1	217- 0 1 	53.0 	4.0
449	217.1751	+14.7530	A24	217+14 1 	12.7 	4.0
450	217.4372	+02.0151	St3-1	217+ 2 1 	54.5 	0.5
451	219.1311	+31.2910	A31	219+31 1 	41.0	30.0
452	220.3634	-53.9336	NGC1360	220-53 1 	41.8 	4.0
453	221.3226	-12.3945	IC2165	221-12 1 	53.9 	2.3
454	221.7436	+05.3162	M3-3	221+ 5 1 	95.0	40.0
455	224.3970	+15.3100	K1-13	224+15 1 	16.0	30.0
456	226.7995	+05.6272	M1-16	226+ 5 1 	65.6 	4.0
457	228.8304	+05.3668	M1-17	228+ 5 1 	49.3 	5.1
458	231.4965	+04.3521	M1-18	231+ 4 1 	18.0	40.0
459	231.8011	+04.1161	NGC2438	231+ 4 2 	75.4 	2.5
460	232.0197	+05.7254	SaSt2-3	232+ 5 1 	166.0 	0.2
461	232.4142	-01.8506	M1-13	232- 1 1 	45.5 	0.3
462	232.8367	-04.7301	M1-11	232- 4 1 	16.3	14.1
463	233.5327	-16.3142	A15	233-16 1 	35.0 	3.0
464	234.3396	-06.6213	K2-3	234- 6 1 	65.2 	8.0
465	234.8381	+02.4210	NGC2440	234+ 2 1 	62.7 	0.4
466	234.9953	-01.4421	M1-14	235- 1 1 	77.4 	5.4
467	235.3833	-03.9203	M1-12	235- 3 1 	95.8 	4.0
468	236.7688	+03.5686	K1-12	236+ 3 1 	58.8 	6.6
469	238.0219	+34.8658	A33	238+34 1 	60.1 	4.0
470	239.6284	+13.9486	NGC2610	239+13 1 	88.9 	2.8
471	240.3698	-07.6291	M3-2	240- 7 1 	67.7	15.0
472	241.0921	+02.3541	M3-4	241+ 2 1 	74.0	40.0
473	242.6459	-11.6071	M3-1	242-11 1 	56.8	14.0
474	243.3794	-01.0387	NGC2452	243- 1 1 	62.0 	2.8
475	245.4156	+01.6291	M3-5	245+ 1 1 	64.0	40.0
476	253.5772	+10.7797	K1-2	253+10 1 	66.0 	4.0
477	253.9709	+05.7780	M3-6	254+ 5 1 	45.8 	0.3
478	258.1368	-00.3918	Sa2-26	258- 0 1 	53.1 	0.1
479	261.0503	+32.0498	NGC3242	261+32 1 	4.4 	0.6
480	261.6143	+03.0052	Sa2-32	261+ 2 1 	16.4 	1.5
481	261.9821	+08.5843	NGC2818	261+ 8 1 	-0.9 	2.9
482	264.1642	-08.1421	He2-7	264- 8 1 	88.0 	4.0
483	264.4110	-12.7733	He2-5	264-12 1 	133.0 	4.0
484	265.1145	-04.2107	ESO259-10	265- 4 1 	49.0 	3.0
485	265.7516	+04.1013	NGC2792	265+ 4 1 	14.0 	2.6
486	268.4260	+02.4805	PB5	268+ 2 1 	53.3 	4.0
487	272.1139	+12.3973	NGC3132	272+12 1 	-16.0 	4.1
488	273.2954	-03.7870	He2-18	273- 3 1 	40.0	19.0
489	274.3100	+09.1119	Lo4	274+ 9 1 	33.0	20.0
490	274.6226	+02.1762	Sa2-48	274+ 2 2 	184.3 	0.3
491	274.6920	+03.5438	He2-37	274+ 3 1 	12.0 	5.0
492	275.3912	-04.6987	He2-21	275- 4 2 	131.3 	4.0
493	275.5183	-01.3241	Pe2-4	275- 1 1 	17.0	16.0
494	275.8685	-02.9801	He2-29	275- 2 2 	25.0 	6.0
495	277.1496	-03.8308	NGC2899	277- 3 1 	3.4 	2.8
496	278.1591	-05.9357	NGC2867	278- 5 1 	12.9 	2.0
497	278.6169	-06.7413	He2-26	278- 6 1 	98.8 	4.0
498	278.8571	+04.9960	Sa2-58	278+ 5 1 	58.7 	1.3
499	279.6080	-03.1864	He2-36	279- 3 1 	-7.1 	2.0
500	280.0061	+02.9861	Sa2-56	280+ 2 1 	71.9 	0.9
501	281.0107	-05.6959	IC2501	281- 5 1 	31.5 	0.2
502	283.3990	+03.9056	He2-50	283+ 3 1 	10.9 	0.3
503	283.6717	+25.3140	K1-22	283+25 1 	-14.0 	4.0
504	283.8180	-04.2391	He2-39	283- 4 1 	-23.0	20.0
505	283.9409	-01.8518	Hf4	283- 1 1 	22.0	12.0
506	285.4929	+02.2470	Pe2-7	285+ 2 1 	26.5 	4.0
507	285.4501	+01.5041	Pe1-1	285+ 1 1 	19.8 	0.5
508	285.4626	-05.3754	IC2553	285- 5 1 	37.3 	6.3
509	285.6674	-02.7414	He2-47	285- 2 1 	-17.7 	4.0
510	285.7343	+01.2975	Pe1-2	285+ 1 2 	73.2 	4.0
511	285.7991	-14.9515	IC2448	285-14 1 	-24.0 	4.0
512	286.0437	-06.5556	He2-41	286- 6 1 	95.9 	4.0
513	286.3566	+02.8186	Sa2-68	286+ 2 1 	-21.0 	0.3
514	286.3011	-04.8684	NGC3211	286- 4 1 	-22.3 	1.6
515	286.8768	-29.5770	K1-27	286-29 1 	75.0	75.0
516	288.4436	+00.3809	Hf38	288+ 0 1 	64.0 	4.0
517	288.8790	-05.2154	He2-51	288- 5 1 	8.0 	3.0
518	289.8191	+07.7764	He2-63	289+ 7 1 	123.2 	6.8
519	290.5047	+07.9263	Fg1	290+ 7 1 	28.6 	2.4
520	291.3751	-26.2931	Vo1 	  	-55.9 	4.0
521	291.6405	-04.8420	IC2621	291- 4 1 	11.4 	5.0
522	291.7394	+03.7353	He2-64	291+ 3 1 	72.0	20.0
523	292.4398	+04.1676	Sa2-77	292+ 4 1 	21.9 	1.2
524	292.6529	+01.2379	NGC3699	292+ 1 1 	-15.8 	7.8
525	292.8023	+01.1262	He2-67	292+ 1 2 	59.5 	4.0
526	293.6146	+10.9644	BlDz1	293+10 1 	-10.0 	8.0
527	294.1151	+43.6246	NGC4361	294+43 1 	9.3 	1.3
528	294.6899	+04.7080	NGC3918	294+ 4 1 	-16.1 	0.9
529	294.9339	-04.3435	He2-68	294- 4 1 	40.5 	4.0
530	295.3258	-09.3505	He2-62	295- 9 1 	89.8 	4.0
531	296.3917	-03.0714	He2-73	296- 3 1 	-1.3 	2.4
532	296.4673	-06.9088	He2-71	296- 6 1 	57.9 	9.4
533	296.6241	-20.0417	NGC3195	296-20 1 	-7.3 	2.8
534	297.4547	+03.7107	He2-78	297+ 3 1 	25.8 	4.0
535	298.3015	+06.6744	Po1 	  	-38.0 	6.0
536	298.3946	-04.8575	NGC4071	298- 4 1 	11.0 	1.6
537	299.5136	+02.4682	He2-82	299+ 2 1 	-12.5 	9.6
538	300.4293	-00.9814	He2-84	300- 0 1 	-44.0	20.0
539	300.7108	-02.0865	Sa2-86	300- 2 1 	-7.5 	0.2
540	300.8125	-03.4554	ESO095-12	300- 3 1 	57.0	20.0
541	302.3273	-01.2959	DuRe1 	  	55.1 	6.1
542	303.5754	+40.0021	A35	303+40 1 	-6.6 	3.8
543	304.2017	+05.9547	Wray16-122	304+ 5 2 	-30.0	20.0
544	304.5866	-04.8275	IC4191	304- 4 1 	-18.3 	6.4
545	304.8598	+05.1621	He2-88	304+ 5 1 	-4.8 	2.0
546	305.6179	-13.1267	ESO040-11	305-13 1 	-16.0	13.0
547	306.4139	-00.6890	Th2-A	306- 0 1 	-45.0	18.0
548	307.2062	-03.4514	NGC5189	307- 3 1 	-9.5 	4.0
549	307.2329	-09.0618	He2-97	307- 9 1 	51.6	41.3
550	307.5499	-04.9424	MyCn18	307- 4 1 	-67.8 	9.3
551	309.0216	+00.8908	He2-96	309+ 0 1 	-53.2 	4.0
552	309.0031	-04.2420	He2-99	309- 4 1 	1.2 	0.2
553	309.1138	-04.3950	NGC5315	309- 4 2 	-34.5 	6.2
554	309.2963	+01.3914	VBRC5	309+ 1 1 	-59.0	10.0
555	309.5313	-02.9312	MaC1-2 	  	-47.1 	4.0
556	310.3819	+24.7723	Lo8	310+24 1 	-3.0 	2.7
557	310.7590	-02.9440	He2-103	310- 2 1 	-29.9 	2.0
558	311.0459	+02.4777	SuWt2	311+ 2 2 	-40.0 	9.0
559	311.1731	+03.3977	He2-101	311+ 3 1 	-40.8 	4.0
560	312.0262	-02.0279	He2-106	312- 2 1 	8.0	20.0
561	312.3674	+10.5718	NGC5307	312+10 1 	39.9 	1.9
562	315.0309	-00.3706	He2-111	315- 0 1 	-10.4 	3.2
563	315.1080	-13.0813	He2-131	315-13 1 	-1.2 	4.4
564	315.4796	+09.4616	He2-104	315+ 9 1	-143.6 	4.0
565	316.1712	+08.4507	He2-108	316+ 8 1 	-11.1 	0.4
566	317.1389	-05.7142	He2-119	317- 5 1 	-11.0	19.0
567	318.3821	-02.0624	He2-114	318- 2 1 	-37.0 	2.0
568	318.4626	+41.4997	A36	318+41 1 	36.8 	3.3
569	319.6872	+15.7393	IC4406	319+15 1 	-41.4 	2.9
570	320.1342	-09.6580	He2-138	320- 9 1 	-56.9 	0.3
571	320.3346	-28.8883	He2-434	320-28 1 	38.0 	4.5
572	320.9948	+02.0920	He2-117	321+ 2 2 	44.6 	6.9
573	321.0493	+03.9880	He2-113	321+ 3 1 	-56.9 	0.3
574	321.3023	+02.8385	He2-115	321+ 2 1 	-56.2 	3.9
575	321.3055	-16.7807	He2-185	321-16 1 	-6.0 	7.0
576	321.8811	+01.9528	He2-120	321+ 1 1 	-18.4 	5.1
577	322.1768	-06.6030	He2-136	322- 6 1	-135.0 	9.0
578	322.4691	-00.1776	Pe2-8	322- 0 1 	-16.3 	4.0
579	322.4917	-02.6112	Mz1	322- 2 1 	-32.3 	3.2
580	322.5806	-05.2622	NGC5979	322- 5 1 	23.0 	3.0
581	323.1219	-02.5642	He2-132	323- 2 1	-131.0	10.0
582	323.6266	-04.5125	IRAS15463-5949 	  	-41.0	25.0
583	323.9567	+02.4579	He2-123	323+ 2 1 	-12.0	10.0
584	324.0865	+03.5309	PM1-89 	  	-81.0	20.0
585	324.1666	+09.0779	ESO223-10	324+ 9 1 	-55.0	19.0
586	324.2673	+02.5887	He2-125	324+ 2 1 	-37.1 	4.5
587	325.0692	+03.2743	He2-129	325+ 3 1 	-16.3 	2.4
588	325.4975	-04.0067	He2-141	325- 4 1 	-46.0 	9.0
589	325.8599	+04.5701	He2-128	325+ 4 1 	-94.8 	0.7
590	325.8243	-12.8216	He2-182	325-12 1 	-89.5 	0.3
591	326.0519	-06.5467	He2-151	326- 6 1	-128.2 	6.7
592	326.7604	+42.2416	IC972	326+42 1 	-26.6 	4.0
593	327.1489	-01.8640	He2-140	327- 1 2 	-70.2 	2.8
594	327.1952	-02.2044	He2-142	327- 2 1 	-94.5 	0.3
595	327.5774	+13.3296	He2-118	327+13 1	-134.2	24.8
596	327.8181	+10.0801	NGC5882	327+10 1 	9.7 	4.6
597	327.8499	-01.6709	He2-143	327- 1 1 	-35.0	10.0
598	327.8867	-06.1374	He2-158	327- 6 1 	-39.0 	9.0
599	327.8224	-07.2767	He2-163	327- 7 1 	-45.0 	9.0
600	328.9742	-02.4978	He2-146	328- 2 1 	61.0 	4.8
601	329.0791	+01.9572	Sp1	329+ 2 1 	-31.5 	2.5
602	329.3826	-02.8711	Mz2	329- 2 2 	-29.7 	2.1
603	329.4774	-02.7442	He2-149	329- 2 1	-113.0	10.0
604	330.2554	+05.9262	Lo9	330+ 5 1 	-33.0	15.0
605	330.6504	-02.1235	He2-153	330- 2 1 	-40.2	10.2
606	330.6381	-03.6161	He2-159	330- 3 1 	-89.2 	7.2
607	330.7786	+04.1534	Cn1-1	330+ 4 1 	-9.0	15.0
608	330.9859	+04.3903	Wray16-189	330+ 4 2 	27.0	15.0
609	331.0756	-02.7501	He2-157	331- 2 1 	-70.0 	9.0
610	331.1347	-05.7653	PC11	331- 5 1 	-52.0	15.0
611	331.3251	+16.8296	NGC5873	331+16 1	-130.5 	2.0
612	331.3102	-12.1643	He3-1357 	  	13.0 	2.0
613	331.4086	-03.5816	He2-162	331- 3 1 	30.6 	7.7
614	331.5419	-02.7872	He2-161	331- 2 2 	-98.0 	9.0
615	331.5296	-03.9018	He2-165	331- 3 2 	-17.7 	1.9
616	331.7287	-01.0109	Mz3	331- 1 1 	-21.2 	4.6
617	332.0795	-03.3613	He2-164	332- 3 1 	-73.0 	7.7
618	332.3025	-04.2610	He2-170	332- 4 1 	60.6 	7.7
619	332.9155	-09.9084	He3-1333 	  	-65.6	12.0
620	333.4293	+01.1873	He2-152	333+ 1 1 	-63.5 	7.1
621	333.4867	-04.0569	HaTr 3	333- 4 1 	-88.0	15.0
622	334.3914	-09.3462	IC4642	334- 9 1 	43.9 	2.9
623	334.8432	-07.4638	SaSt2-12	334- 7 1 	-63.0 	0.5
624	335.2522	-03.6198	HaTr4	335- 3 1 	-97.0	15.0
625	335.4710	+09.2670	ESO330-02	335+ 9 1 	-62.0	15.0
626	335.6621	-04.0270	MeWe1-8 	  	24.0	15.0
627	335.9293	-03.6561	MeWe1-7 	  	-85.0	15.0
628	336.2209	+01.9730	Pe1-6	336+ 1 1 	-76.0	10.0
629	336.2884	-06.9912	PC14	336- 6 1 	-46.0 	7.2
630	336.3085	-05.6961	He2-186	336- 5 1 	-72.3 	8.8
631	336.8226	-07.2376	K2-17	336- 7 1 	8.0	15.0
632	336.9441	+08.3794	StWr4-10	336+ 8 1	-159.0	15.0
633	336.9798	-11.5806	MeWe1-10 	  	-14.0	15.0
634	337.4737	+01.6195	Pe1-7	337+ 1 1 	-33.0 	9.0
635	337.4969	-09.1849	Wray16-266	337- 9 1	-101.0	15.0
636	337.5523	-05.1416	He2-187	337- 5 1 	52.0	15.0
637	337.6184	-04.2478	MeWe1-9 	  	-96.0	15.0
638	338.2000	-08.3841	NGC6326	338- 8 1 	8.5 	1.5
639	338.8042	+05.6814	He2-155	338+ 5 1 	-35.3	15.0
640	340.4812	-14.1967	Sa1-6	340-14 1	-279.0	15.0
641	340.8950	+12.3415	Lo11	340+12 1 	-79.0	15.0
642	340.8678	+10.8197	Lo12	340+10 1 	9.0	15.0
643	340.9071	-04.6619	Sa1-5	340- 4 1 	-2.0	15.0
644	341.0242	+09.4917	SB25 	  	-93.0	15.0
645	341.5091	-09.1796	He2-248	341- 9 1 	-25.0	15.0
646	341.6039	+13.7043	NGC6026	341+13 1	-101.5 	4.7
647	341.7004	-06.0864	SB26 	 	-154.0	15.0
648	341.8446	+05.4383	NGC6153	341+ 5 1 	38.8 	0.9
649	341.9675	+08.8631	SB27 	  	-2.0	15.0
650	342.1387	+27.5316	Me2-1	342+27 1 	44.4 	0.5
651	342.1822	+10.8526	NGC6072	342+10 1 	6.9 	1.4
652	342.3284	-06.0373	SB28 	  	-27.0	15.0
653	342.5142	-14.3134	Sp3	342-14 1 	45.2 	4.7
654	342.7449	+00.7519	H1-3	342+ 0 1 	-6.0	40.0
655	342.8982	-06.6769	Cn1-4	342- 6 1 	-87.4 	4.7
656	342.9547	-02.0486	Pe1-8	342- 2 1 	-1.0 	3.0
657	342.9644	-04.9092	He2-207	342- 4 1 	-36.1 	5.7
658	343.4227	+11.9490	H1-1	343+11 9 	91.2	16.1
659	343.5662	-07.8446	PC17	343- 7 1	-128.1	18.5
660	343.6392	+03.7338	SuWt3	343+ 3 1	-110.0	84.0
661	343.7976	-09.6542	SB29 	  	-88.0	15.0
662	343.9853	-05.8017	SB30 	  	67.0	15.0
663	344.2766	+04.7524	Vd1-1	344+ 4 1	-142.1 	2.5
664	344.2472	-01.2146	H1-6	344- 1 1 	-51.0	40.0
665	344.4156	-06.1567	Wray16-278	344- 6 1 	-35.0	15.0
666	344.8178	+03.4315	Vd1-3	344+ 3 1	-138.8	20.7
667	345.0329	+04.3219	Vd1-2	345+ 4 1 	3.4	30.9
668	345.0903	+03.4393	Vd1-4	345+ 3 1 	35.1	14.0
669	345.0370	-04.9309	Cn1-3	345- 4 1 	-79.8 	1.8
670	345.2375	-08.8350	Tc1	345- 8 1 	-84.1 	4.7
671	345.3215	-10.2152	MeWe1-11 	  	21.0	15.0
672	345.4800	+00.1406	IC4637	345+ 0 1 	10.4 	5.6
673	345.5068	+15.1143	Lo13	345+15 1 	-19.0	15.0
674	345.6443	+06.7494	He2-175	345+ 6 1 	-33.6 	4.7
675	345.9005	+03.0865	Vd1-6	345+ 3 2	-142.0	40.0
676	346.0262	+08.5512	He2-171	346+ 8 1	-101.5	18.7
677	346.2618	-08.2193	IC4663	346- 8 1 	-52.1 	6.2
678	346.3372	-06.8973	Fg2	346- 6 1 	34.5 	1.8
679	346.9782	+12.4648	K1-3	346+12 1 	-12.5 	5.6
680	347.4873	+05.8110	H1-2	347+ 5 1	-105.5 	0.7
681	347.7939	+02.0502	Vd1-8	347+ 1 1	-117.0	40.0
682	347.9158	-06.0894	SB31 	  	-70.0	15.0
683	348.0713	+06.3168	MGP1 	  	-52.0	15.0
684	348.0300	-13.8534	IC4699	348-13 1	-123.3 	1.6
685	348.4021	-04.1822	H1-21	348- 4 1	-200.7 	8.3
686	348.8851	-09.0369	He2-306	348- 9 1 	-40.0 	8.1
687	349.2955	-03.5018	H2-14	349- 3 1 	-12.0	15.0
688	349.3509	-01.1155	NGC6337	349- 1 1 	-70.9 	4.0
689	349.3617	-04.2238	Lo16	349- 4 1 	13.0	15.0
690	349.5094	+01.0559	NGC6302	349+ 1 1 	-38.9 	2.5
691	349.7122	-09.1940	SB32 	  	186.0	15.0
692	349.8007	+04.4658	M2-4	349+ 4 1	-207.2 	2.2
693	350.1425	-03.9120	H1-26	350- 3 1 	-36.9 	4.7
694	350.5906	-05.0885	H1-28	350- 5 1 	-44.2 	4.7
695	350.8943	-02.4721	H1-22	350- 2 1	-213.0 	5.0
696	350.9091	+04.4022	H2-1	350+ 4 1 	-18.8 	1.9
697	351.0923	-10.4753	HaTr9	351-10 2 	-38.0	15.0
698	351.1993	+04.8363	M1-19	351+ 4 1 	-55.2 	0.4
699	351.2751	+05.2780	M2-5	351+ 5 1	-123.4	10.2
700	351.2847	-06.3715	SB33 	  	58.0	15.0
701	351.3205	+07.6432	H1-4	351+ 7 1 	2.7	14.1
702	351.5662	-06.5874	SB34 	  	-57.0	15.0
703	351.6434	-06.2267	H1-37	351- 6 1 	-22.3 	1.8
704	351.7700	-06.6679	SB35 	 	-120.0	15.0
705	351.7033	-10.9872	Wray16-385	351-10 1 	-58.0	15.0
706	351.9287	+09.0416	PC13	351+ 9 1 	-75.1 	2.0
707	351.9919	-01.9112	Wray16-286	351- 1 1	-152.3 	4.1
708	352.0686	-04.6993	H1-30	352- 4 1 	-12.9 	6.7
709	352.0923	-06.7742	SB36 	  	35.0	15.0
710	352.1882	+05.1242	M2-8	352+ 5 1 	25.1 	1.0
711	352.6225	+03.0494	H1-8	352+ 3 2	-116.0	40.0
712	352.6474	-04.9880	SB37 	  	20.0	15.0
713	352.8280	-00.2597	H1-13	352- 0 1 	-26.3 	7.3
714	352.7997	-08.4079	SB38 	  	59.0	15.0
715	352.9473	+11.3958	K2-16	352+11 2 	5.2	12.0
716	352.9580	-07.5969	Fg3	352- 7 1 	4.0 	1.8
717	353.0708	+08.4144	MyCn26	353+ 8 1 	44.0	40.0
718	353.2858	-05.2729	H1-38	353- 5 1 	149.6 	3.8
719	353.3543	+06.3176	M2-6	353+ 6 2	-127.4 	1.7
720	353.3987	-08.3196	SB39 	  	6.0	15.0
721	353.4728	-02.4678	K5-8 	  	-52.3	10.9
722	353.4933	-04.5164	K6-13 	  	0.2 	5.2
723	353.5137	-04.9208	H1-36	353- 4 1	-119.3 	0.9
724	353.7582	+06.3700	M2-7	353+ 6 1 	-60.2	11.9
725	353.7886	-12.8964	Wray16-411 	  	-50.0	15.0
726	354.0991	-04.1686	He3-1481 	  	-10.1 	5.9
727	354.2476	+04.3660	M2-10	354+ 4 1 	-85.6	10.2
728	354.4346	+04.0369	Te233 	 	-220.0	40.0
729	354.4674	-07.8432	H1-52	354- 7 1	-124.0	15.0
730	354.5689	+03.3525	Th3-4	354+ 3 1	-165.0	15.0
731	354.6316	+04.9643	Te139 	  	41.0	30.0
732	354.7154	-07.2521	SB40 	  	-69.0	15.0
733	354.7098	-10.0946	SB41 	  	34.0	15.0
734	354.9886	+03.5223	Th3-6	355+ 3 3 	-73.1	14.0
735	355.1686	+04.7740	Te140 	  	64.0	30.0
736	355.1822	-02.9153	H1-31	355- 2 4 	47.5 	1.8
737	355.1061	-06.9507	M3-21	355- 6 1 	-66.9 	1.8
738	355.2114	+03.7509	Te137 	  	70.0	30.0
739	355.2752	-02.5429	H1-29	355- 2 2 	-16.9 	3.1
740	355.3413	-04.0745	IRAS17474-3500 	 	-163.2 	6.8
741	355.3338	-07.5893	SB42 	  	40.0	15.0
742	355.4609	+02.3645	Te138 	  	-46.0	40.0
743	355.4416	-02.4679	M3-14	355- 2 1 	-82.3 	1.8
744	355.4731	-04.0972	Hf2-1	355- 4 1 	-84.5 	4.1
745	355.6733	-02.7544	H1-32	355- 2 3	-220.0 	4.8
746	355.7958	-03.0964	H1-33	355- 3 1	-120.0 	3.4
747	355.7191	-03.4173	H2-23	355- 3 2 	82.5	11.3
748	355.7335	-03.4728	H1-35	355- 3 3 	123.4 	1.0
749	355.8425	-08.7991	SB43 	  	-74.0	15.0
750	355.9696	+03.6266	H1-9	355+ 3 2	-157.6 	1.1
751	355.9039	-04.2694	M1-30	355- 4 2	-120.1 	1.7
752	356.0055	-07.4590	SB45 	 	-116.0	15.0
753	356.0889	-07.4736	SB44 	  	1.0	15.0
754	356.1557	+02.7650	Th3-13	356+ 2 1 	-99.0	40.0
755	356.1196	-03.3913	H2-26	356- 3 1	-156.9 	3.6
756	356.1817	-08.6853	SB46 	  	54.0	15.0
757	356.2985	-04.4143	Cn2-1	356- 4 1	-169.6 	0.8
758	356.3686	-06.2579	M3-49	356- 6 1 	-50.1 	4.7
759	356.3625	-07.3790	SB47 	  	-27.0	15.0
760	356.4165	-06.8609	SB48 	  	10.0	15.0
761	356.5665	+05.1471	Th3-3	356+ 5 1 	-48.0	15.0
762	356.5452	+01.5648	Th3-55	356+ 1 2 	-46.2 	3.8
763	356.5313	-02.3942	M1-27	356- 2 2 	-47.7 	0.7
764	356.5151	-03.6364	H2-27	356- 3 2 	-31.3	15.1
765	356.5544	-03.9786	H1-39	356- 3 3 	-85.3	16.0
766	356.6225	-07.8076	H1-57	356- 7 2 	-20.0	14.0
767	356.7663	-04.8060	H1-41	356- 4 2 	73.3 	6.0
768	356.7849	-06.4854	H1-51	356- 6 2	-208.0	14.0
769	356.8954	+03.3218	Th3-12	356+ 3 1 	185.4	30.0
770	356.8116	-05.4884	H2-35	356- 5 1	-195.5 	4.7
771	356.8820	-11.7329	Lo17	356-11 1 	-65.3	14.0
772	356.9520	+04.5585	M2-11	356+ 4 1 	83.7 	2.9
773	356.9841	+04.4434	M3-38	356+ 4 2	-171.1	10.6
774	356.9858	-05.8035	M2-24	356- 5 2 	145.5	10.2
775	357.0342	+02.4402	M4-4	357+ 2 5 	12.7	15.0
776	357.1604	+04.4155	TeJu18	357+ 4 A 	52.0	15.0
777	357.1211	+03.6116	M3-7	357+ 3 1	-193.6 	4.8
778	357.1425	+01.9894	Th3-24	357+ 2 7	-197.0	40.0
779	357.1837	-04.7890	H1-43	357- 4 3 	49.0	13.8
780	357.1779	-06.1783	M3-50	357- 6 1 	17.5	21.7
781	357.2278	+07.4098	M4-3	357+ 7 1 	132.5 	0.6
782	357.2701	+02.0006	H2-13	357+ 2 6	-133.7 	9.5
783	357.2717	-04.5421	H1-42	357- 4 1 	-79.2 	4.7
784	357.2431	-09.8459	SB49 	  	20.0	15.0
785	357.3279	+04.0568	H2-7	357+ 4 1 	76.0	15.0
786	357.3290	+03.3781	M3-41	357+ 3 2	-110.0	16.4
787	357.2987	+01.4661	Al2-H	357+ 1 2 	-30.0	15.0
788	357.3099	-06.5875	SB50 	  	0.0	15.0
789	357.4824	-03.2480	M2-16	357- 3 2 	90.0 	2.5
790	357.4088	-03.5485	M2-18	357- 3 4 	-21.1 	0.9
791	357.4913	-04.6870	M2-22	357- 4 2	-103.3	10.3
792	357.4083	-07.2663	SB51 	 	-222.0	15.0
793	357.5379	+03.2548	M3-42	357+ 3 4	-267.2	14.0
794	357.6248	+02.6029	H1-18	357+ 2 4	-221.5 	3.9
795	357.6070	+01.7954	H1-23	357+ 1 1 	-72.5 	3.9
796	357.6553	+01.0692	TrBr4	357+ 1 3	-122.0	60.0
797	357.6323	-03.3325	H2-29	357- 3 3 	107.0	18.7
798	357.9412	-05.1120	M1-34	357- 5 1 	10.5	10.3
799	357.9933	-03.8423	H2-30	358- 3 2 	-32.0	15.0
800	357.9843	+09.3233	Th3-1	358+ 9 1 	-17.2	24.7
801	358.0631	+07.4899	TeJu8 	  	10.1	14.6
802	358.0171	+02.6931	Th3-23	358+ 2 2 	11.7 	5.6
803	358.0098	-05.1554	Pe1-11	358- 5 1	-130.6	14.0
804	358.2432	+04.2887	M3-8	358+ 4 1 	76.6 	9.1
805	358.2417	+03.6343	M3-10	358+ 3 1	-131.3 	0.3
806	358.2221	+03.5655	H2-10	358+ 3 2 	44.1	10.2
807	358.2340	-01.1846	BlD	358- 1 1 	-30.9 	3.5
808	358.3515	+03.0906	H1-17	358+ 3 7 	-29.7 	4.1
809	358.3839	+01.2075	BlB	358+ 1 4	-108.2 	9.4
810	358.3977	-02.5057	Al2-O	358- 2 4 	-78.8 	3.6
811	358.3443	-07.3326	SB52 	  	-49.0	15.0
812	358.3463	-21.6051	IC1297	358-21 1 	10.3 	1.5
813	358.4145	+03.3900	Th3-19	358+ 3 3 	122.0	15.0
814	358.3975	-02.5056	Al2-P	358- 2 6	-249.0	15.0
815	358.5362	+05.4704	M3-39	358+ 5 1 	1.5	12.7
816	358.5299	+03.7070	Al2-B	358+ 3 9	-158.0	10.6
817	358.3975	-02.5056	M4-7	358- 2 1	-233.8 	3.7
818	358.5147	-04.2262	H1-46	358- 4 1 	-44.3 	0.2
819	358.5039	-07.3378	NGC6563	358- 7 1 	-29.5 	3.6
820	358.6501	+07.8772	M3-36	358+ 7 1 	1.4 	2.5
821	358.6959	+01.8633	M4-6	358+ 1 1	-272.9	13.0
822	358.6527	-05.5738	M3-51	358- 5 4 	31.8	14.1
823	358.7389	+05.2641	M3-40	358+ 5 2 	32.8	12.1
824	358.7511	-02.7578	Al2-R	358- 2 5	-119.0	40.0
825	358.7456	-05.1693	SB53 	  	-14.0	15.0
826	358.7262	-05.2809	H1-50	358- 5 3 	70.3 	2.0
827	358.8593	+04.1322	SaWe2	358+ 4 3 	46.0	15.0
828	358.8325	+04.0685	Th3-15	358+ 4 2 	33.0	15.0
829	358.8866	+03.0523	Th3-26	358+ 3 8 	197.4 	5.2
830	358.9687	+03.3994	H1-19	358+ 3 4 	23.4 	6.4
831	358.9850	+03.2283	H1-20	358+ 3 6 	189.5 	4.9
832	358.9595	-00.7215	M1-26	358- 0 2 	-7.2 	5.1
833	358.9870	-03.7471	H1-44	358- 3 1 	97.1 	5.7
834	359.0379	+02.8299	Al2-G	359+ 2 5	-262.0	15.0
835	359.0062	-04.1687	M3-48	359- 4 1 	-12.0 	4.7
836	359.0822	-04.8142	M2-25	359- 4 3 	10.6	10.2
837	359.1663	+15.1196	A40	359+15 1 	2.0	15.0
838	359.1156	-01.7199	M1-29	359- 1 1 	-41.0 	1.0
839	359.1761	-02.3010	M3-16	359- 2 2 	63.4 	1.8
840	359.1013	-02.9221	M3-46	359- 2 4 	-71.0	40.0
841	359.2965	+04.7623	Th3-14	359+ 4 1	-239.2	14.0
842	359.2360	+01.2180	19W32	359+ 1 3 	55.3 	5.4
843	359.3967	+03.6275	Al2-E	359+ 3 4 	-58.6 	6.3
844	359.3910	+01.4050	Th3-35	359+ 1 1 	54.5	11.4
845	359.3569	-00.9800	Hb5	359- 0 1 	-24.0 	1.7
846	359.3853	-01.8140	M3-44	359- 1 2 	-99.2 	4.4
847	359.3600	-03.1020	M3-17	359- 3 1 	-32.6	11.5
848	359.3700	-06.0417	SB54 	  	38.0	15.0
849	359.4872	+02.3635	Th3-32	359+ 2 4	-167.0	40.0
850	359.4949	-03.4651	H2-33	359- 3 2 	107.0	15.0
851	359.4426	-08.5877	SB55 	  	163.0	15.0
852	359.6918	+02.2379	Al2-I	359+ 2 6 	97.5	10.0
853	359.6653	-04.8188	H2-36	359- 4 4	-119.7	31.2
854	359.7396	-01.8013	M3-45	359- 1 3 	28.3 	4.6
855	359.7147	-02.6917	H1-40	359- 2 3 	64.0 	2.5
856	359.7578	-04.4634	KFL3 	  	204.6	10.3
857	359.8673	+06.9115	M3-37	359+ 6 1 	-74.2	10.2
858	359.8942	+05.6218	M2-12	359+ 5 1 	63.4	10.3
859	359.8924	+05.2505	TeJu19 	  	-34.4	14.6
860	359.8029	+03.7495	Th3-25	359+ 3 2 	-92.7 	3.7
861	359.8851	+02.4749	Th3-33	359+ 2 3 	72.0	40.0
862	359.8515	+01.5387	K6-6 	 	-161.0 	5.6
863	359.8970	-07.2723	M2-32	359- 7 1 	-54.3 	2.0
864	359.9332	+05.1889	M3-9	359+ 5 2 	-83.9 	4.4
865	359.9520	-04.5982	M2-27	359- 4 2 	144.8 	0.2
866	359.9399	-05.4442	KFL9 	  	0.0	19.0
867	359.9490	-07.4106	SB56 	  	222.0	15.0
