No	Name	PK		Dist	S5GHz	Diam	Tb	Rad	Mi	DMi	DTb
1	IC4634 	0+12.1 		4.40 	100 	5.5 	234.00 	0.059 	7e-02 	3.54 	3.76
2	NGC6369 2+05.1 		0.92	2002 	28.6 	173.00 	0.064 	8e-02 	0.77 	0.79
3	M1-37 	2-03.3 		6.30 	15 	2.7 	145.00 	0.041 	2e-02 	8.79 	8.87
4	M1-38 	2-03.5 		6.10 	24 	3.6 	131.00 	0.053 	4e-02 	6.89 	6.87
5	H1-54 	2-04.1		11.40 	31 	1.2	1520.00 0.033 	5e-02 	7.39 	9.64
6	IC4776 	2-13.1 		6.30 	71 	7.0 	102.00 	0.107 	2e-01 	3.93 	3.82
7	IC4673 	3-02.3 		3.60 	62 	17.0 	15.20 	0.148 	2e-01 	3.60 	2.84
8	NGC6565 3-04.5 		1.90 	37 	9.6 	28.40 	0.044 	1e-02 	4.91 	4.14
9	M2-30 	3-04.8		10.30 	14 	3.5 	80.80 	0.087 	1e-01 	8.68 	8.20
10	M1-25 	4+04.1		10.00 	57 	3.2 	393.00 	0.078 	2e-01 	4.89 	5.50
11	M2-29 	4-03.1 		3.80 	8 	3.5 	46.20 	0.032 	7e-03	10.98 	9.76
12	NGC6620 5-06.1 		4.30 	20 	5.0 	58.00 	0.052 	3e-02 	6.98 	6.36
13	H1-65 	7-04.1 		9.50 	10 	2.3 	134.00 	0.053 	4e-02	10.70	10.67
14	VY2-1 	7-06.2		12.90 	37 	3.7 	191.00 	0.116 	4e-01 	5.72 	5.94
15	HE2-260 8+06.1		12.00 	13 	1.0 	919.00 	0.029 	3e-02	10.96	13.51
16	M1-40 	8-01.1 		1.70 	208 	4.3 	795.00 	0.018 	7e-03 	2.71 	3.29
17	NGC6644 8-07.2 		3.20 	97 	3.1 	713.00 	0.024 	1e-02 	3.93 	4.72
18	NGC6309 9+14.1 		3.90 	151 	13.8 	56.00 	0.130 	3e-01 	2.57 	2.33
19	NGC6629 9-05.1 		1.80 	275 	15.0 	86.40 	0.065 	6e-02 	1.97 	1.88
20	M2-9 	10+18.2 	4.50 	36 	46.0 	1.20 	0.502 	1e+00 	3.86 	2.30
21	NGC6439 11+05.1 	5.50 	55 	4.0 	243.00 	0.053 	6e-02 	4.79 	5.10
22	M2-15 	11+06.1 	4.80 	12 	7.5 	15.70 	0.087 	5e-02 	8.05 	6.36
23	SN1 	13+32.1		11.90 	7 	3.0 	55.00 	0.087 	9e-02	11.90	10.78
24	M1-46 	16-01.1 	1.30 	81 	12.0 	39.80 	0.038 	1e-02 	3.41 	2.98
25	M1-61 	19-05.1 	7.00 	97 	1.8	2120.00 0.031 	4e-02 	4.29 	5.79
26	SA1-8 	20-05.1 	2.20 	11 	5.6 	24.80 	0.030 	4e-03 	8.90 	7.40
27	IC4846 	27-09.1 	9.60 	43 	2.9 	361.00 	0.067 	1e-01 	5.59 	6.23
28	NGC6741 33-02.1 	0.72 	230 	7.8 	267.00 	0.014 	2e-03 	2.36 	2.54
29	NGC6572 34+11.1 	2.90	1374 	14.6 	456.00 	0.103 	4e-01 	1.01 	1.15
30	NGC7293 36-57.1 	0.16	1292	600.0 	0.21 	0.233 	8e-03 	0.51 	0.52
31	NGC6790 37-06.1 	5.70 	240 	1.8	5200.00 0.025 	4e-02 	2.93 	4.39
32	NGC7009 37-34.1 	0.95 	750 	26.8 	73.80 	0.062 	5e-02 	1.18 	1.10
33	CN3-1 	38+12.1 	5.00 	75 	4.6 	251.00 	0.056 	7e-02 	4.11 	4.39
34	NGC6210 43+37.1 	1.90 	311 	16.2 	83.80 	0.075 	8e-02 	1.85 	1.75
35	VY2-2 	45-02.1 	3.20 	49 	0.6	9620.00 0.005 	8e-04 	6.82	10.88
36	HU2-1 	51+09.1		10.10 	110 	1.8	2400.00 0.044 	1e-01 	4.07 	5.58
37	M1-72 	54-02.1		10.90 	26 	0.7	3700.00 0.018 	2e-02 	8.68	12.54
38	NGC6891 54-12.1 	2.60 	105 	12.6 	46.70 	0.079 	7e-02 	3.03 	2.70
39	IC4997 	58-10.1 	7.20 	127 	1.6	3510.00 0.028 	5e-02 	3.91 	5.58
40	NGC6853 60-03.1 	0.28	1325	410.0 	0.56 	0.278 	2e-01 	0.60 	0.33
41	NGC6886 60-07.2 	7.20 	108 	7.4 	139.00 	0.129 	4e-01 	3.27 	3.28
42	NGC6720 63+13.1 	0.47 	360 	70.0 	5.19 	0.080 	2e-02 	1.37 	0.96
43	NGC7094 66-28.1 	2.00 	7 	95.0 	0.05 	0.461 	2e-01 	6.82 	2.90
44	NGC6881 74+02.1 	6.40 	120 	2.6	1250.00 0.040 	7e-02 	3.70 	4.73
45	NGC6884 82+07.1 	5.40 	200 	6.0 	393.00 	0.079 	2e-01 	2.61 	2.93
46	NGC6826 83+12.1 	1.20 	385 	25.4 	42.20 	0.074 	6e-02 	1.57 	1.38
47	HU1-2 	86-08.1 	5.10 	155 	8.2 	163.00 	0.101 	2e-01 	2.76 	2.82
48	IC5117 	89-05.1 	7.90 	175 	1.5	5500.00 0.029 	6e-02 	3.45 	5.17
49	IC5217	100-05.1 	6.00 	163 	6.8 	249.00 	0.099 	3e-01 	2.79 	2.98
50	ME2-2	100-08.1	14.50 	40 	1.2	1960.00 0.042 	9e-02 	6.64 	8.91
51	NGC7662	106-17.1 	1.60 	631 	26.0 	66.00 	0.101 	2e-01 	1.27 	1.18
52	NGC7354	107+02.1 	2.10 	579 	20.0 	102.00 	0.102 	2e-01 	1.38 	1.34
53	VY2-3	107-13.1	10.50 	3 	4.6 	10.00 	0.117 	9e-02	15.85	11.93
54	HB12	111-02.1 	6.60 	45 	0.7	6500.00 0.011 	6e-03 	6.90	10.53
55	VY1-1	118-08.1 	6.90 	23 	6.0 	45.20 	0.100 	1e-01 	6.46 	5.73
56	IC3568	123+34.1 	2.50 	95 	12.0 	46.60 	0.073 	6e-02 	3.19 	2.84
57	M1-1	130-11.1	14.70 	8 	5.0 	22.60 	0.178 	4e-01	10.36 	8.52
58	IC351	159-15.1	12.00 	27 	7.0 	38.90 	0.204 	7e-01 	5.89 	5.15
59	IC2149	166+10.1 	1.40 	280 	9.5 	219.00 	0.032 	2e-02 	2.10 	2.22
60	NA1 	18+20.1 	6.90 	22 	8.0 	24.30 	0.134 	2e-01 	6.28 	5.21
61	J320	190-17.1 	5.50 	23 	7.1 	32.20 	0.095 	9e-02 	6.29 	5.38
62	J900	194+02.1 	6.80 	100 	6.0 	196.00 	0.099 	2e-01 	3.49 	3.64
63	NGC2392	197+17.1 	0.54 	251 	46.0 	8.38 	0.060 	1e-02 	1.71 	1.26
64	NGC1535	206-40.1 	1.50 	160 	18.4 	33.40 	0.067 	4e-02 	2.39 	2.05
65	IC418	215-24.1 	1.60	1550 	12.4 	712.00 	0.048 	8e-02 	0.98 	1.18
66	NGC1360	220-53.1 	0.52 	225	370.0 	0.12 	0.466 	3e-01 	1.28 	0.59
67	IC2165	221-12.1 	2.50 	188 	7.7 	224.00 	0.047 	4e-02 	2.57 	2.72
68	M1-16	226+05.1 	6.80 	31 	3.6 	169.00 	0.059 	6e-02 	6.19 	6.35
69	M1-11	232-04.1 	4.10 	113 	2.2	1650.00 0.022 	2e-02 	3.90 	5.12
70	A15	233-16.1 	6.60 	22 	34.0 	1.35 	0.544 	2e+00 	4.98 	3.00
71	NGC2440	234+02.1 	2.60 	370 	18.0 	80.70 	0.113 	2e-01 	1.69 	1.60
72	M1-14	235-01.1 	5.70 	60 	4.7 	192.00 	0.065 	9e-02 	4.50 	4.67
73	M1-12	235-03.1 	7.00 	41 	1.8 	894.00 	0.031 	3e-02 	6.16 	7.57
74	M3-1	242-11.1	12.20 	24 	11.0 	14.00 	0.325 	1e+00 	5.76 	4.50
75	M3-6	254+05.1 	2.80 	75 	11.0 	43.80 	0.075 	6e-02 	3.57 	3.16
76	NGC3242	261+32.1 	1.10 	860 	40.0 	38.00 	0.107 	1e-01 	1.04 	0.91
77	HE2-5	264-12.1 	6.20 	29 	3.0 	228.00 	0.045 	4e-02 	6.56 	6.94
78	NGC2792	265+04.1 	3.10 	114 	50.0 	3.22 	0.376 	9e-01 	2.35 	1.56
79	PB4	275-04.1 	4.60 	71 	10.8 	43.00 	0.120 	2e-01 	3.66 	3.23
80	IC2501	281-05.1 	5.90 	261 	2.0	4610.00 0.029 	5e-02 	2.79 	4.10
81	MY60	283+02.1 	3.20 	60 	7.4 	77.40 	0.057 	4e-02 	4.18 	3.93
82	IC2553	285-05.1 	0.51 	92 	8.8 	84.00 	0.011 	7e-04 	3.40 	3.22
83	IC2448	285-14.1 	3.10 	73 	9.3 	59.70 	0.070 	6e-02 	3.71 	3.39
84	NGC3211	286-04.1 	3.70 	228 	16.0 	62.90 	0.144 	4e-01 	2.11 	1.94
85	IC2621	291-04.1 	4.70 	195 	5.0 	551.00 	0.057 	1e-01 	2.72 	3.17
86	PB8	292+04.1 	6.10 	27 	5.0 	76.30 	0.074 	8e-02 	6.22 	5.85
87	NGC3918	294+04.1 	1.50 	859 	16.0 	230.00 	0.058 	7e-02 	1.21 	1.30
88	NGC4361	294+43.1 	1.50 	207	114.0 	1.13 	0.415 	7e-01 	1.60 	0.95
89	HE2-73	296-03.1 	6.30 	76 	4.0 	336.00 	0.061 	1e-01 	4.18 	4.62
90	NGC4071	298-04.1 	1.20 	26 	63.4 	0.46 	0.184 	6e-02 	4.20 	2.25
91	HE2-86	300-02.1 	6.30 	125 	3.6 	682.00 	0.055 	1e-01 	3.45 	4.12
92	IC4191	304-04.1 	3.30 	172 	14.0 	62.00 	0.112 	2e-01 	2.42 	2.23
93	TH2-A	306-00.1 	0.10 	60 	24.4 	7.12 	0.006 	4e-05 	3.45 	2.50
94	HE2-105	308-12.1 	5.30 	14 	35.0 	0.81 	0.450 	7e-01 	5.99 	3.42
95	HE2-102	311+02.1 	5.60 	33 	9.0 	28.80 	0.122 	2e-01 	5.20 	4.39
96	NGC5307	312+10.1 	2.60 	95 	12.6 	42.30 	0.079 	7e-02 	3.16 	2.79
97	HE2-107	312-01.1 	2.80 	65 	10.0 	45.90 	0.068 	5e-02 	3.85 	3.42
98	HE2-131	315-13.1 	2.30 	325 	6.0 	638.00 	0.033 	3e-02 	2.13 	2.52
99	HE2-108	316+08.1 	3.50 	32 	11.0 	18.70 	0.093 	7e-02 	5.10 	4.11
100	HE2-138	320-09.1 	2.10 	76 	7.0 	110.00 	0.036 	1e-02 	3.82 	3.73
101	HE2-115	321+02.1 	4.20 	156 	3.0	1230.00 0.031 	3e-02 	3.24 	4.12
102	NGC5979	322-05.1 	5.80 	117 	8.0 	129.00 	0.112 	3e-01 	3.12 	3.10
103	HE2-123	323+02.1 	6.10 	110 	4.6 	367.00 	0.068 	1e-01 	3.50 	3.91
104	HE2-132	323-02.1 	5.80 	25 	18.0 	5.45 	0.253 	4e-01 	5.23 	3.68
105	NGC5882	327+10.1 	1.90 	334 	14.4 	114.00 	0.066 	7e-02 	1.83 	1.79
106	HE2-140	327-01.2 	6.90 	80 	2.6 	836.00 	0.043 	7e-02 	4.38 	5.35
107	HE2-142	327-02.1 	3.70 	65 	3.4 	397.00 	0.030 	2e-02 	4.58 	5.16
108	HE2-149	329-02.1 	9.90 	10 	3.0 	78.50 	0.072 	7e-02	10.25 	9.66
109	NGC5873	331+16.1 	7.50 	48 	5.4 	116.00 	0.098 	2e-01 	4.83 	4.75
110	IC4642	334-09.1 	2.80 	60 	15.4 	17.90 	0.105 	9e-02 	3.71 	2.98
111	HE2-186	336-05.1 	4.50 	21 	3.0 	165.00 	0.033 	1e-02 	7.51 	7.67
112	HE2-155	338+05.1 	5.60 	70 	14.6 	23.20 	0.198 	5e-01 	3.51 	2.90
113	NGC6326	338-08.1 	3.90 	70 	11.8 	35.50 	0.112 	1e-01 	3.63 	3.14
114	NGC6153	341+05.1 	1.80 	477 	23.4 	61.60 	0.102 	2e-01 	1.45 	1.33
115	NGC6026	341+13.1 	1.30 	22 	42.0 	0.88 	0.132 	4e-02 	4.81 	2.77
116	NGC6072	342+10.1 	0.80 	164 	70.0 	2.37 	0.136 	6e-02 	1.91 	1.23
117	ME2-1	342+27.1	11.20 	30 	7.0 	43.30 	0.190 	6e-01 	5.64 	4.98
118	TC1	345-08.1 	4.00 	801 	9.6 	614.00 	0.093 	4e-01 	1.35 	1.60
119	IC4663	346-08.1 	2.00 	45 	14.4 	15.30 	0.070 	3e-02 	4.23 	3.34
120	IC4699	348-13.1 	6.30 	20 	6.8 	30.60 	0.104 	1e-01 	6.71 	5.71
121	NGC6302	349+01.1 	0.10	3034 	44.6 	108.00 	0.011 	7e-04 	0.60 	0.59
122	NGC6337	349-01.1 	1.50 	103 	47.0 	3.30 	0.171 	1e-01 	2.47 	1.65
123	H2-1	350+04.1 	4.60 	61 	2.2 	891.00 	0.025 	2e-02 	5.05 	6.20
124	M2-7	353+06.1 	4.30 	7 	8.0 	7.73 	0.083 	3e-02	10.16 	7.43
125	H1-9	355+03.2 	7.10 	25 	0.7	3610.00 0.012 	6e-03 	8.82	12.63
126	H1-35	355-03.3 	8.60 	72 	1.1	4210.00 0.023 	3e-02 	5.26 	7.66
127	M1-30	355-04.2 	8.00 	31 	3.8 	152.00 	0.074 	1e-01 	6.14 	6.21
128	M3-21	355-06.1 	7.90 	30 	5.0 	84.80 	0.096 	2e-01 	5.95 	5.66
129	M1-27	356-02.2 	2.00 	63 	8.0 	69.60 	0.039 	1e-02 	4.04 	3.76
130	H1-43	357-04.3 	8.20 	6 	3.0 	47.10 	0.060 	4e-02	12.70	11.32
131	M3-8	358+04.1 	4.80 	20 	2.9 	168.00 	0.034 	2e-02 	7.70 	7.89
132	M1-26	358-00.2 	1.80 	400 	3.2	2760.00 0.014 	7e-03 	2.16 	3.00
133	NGC6563	358-07.1 	2.90 	69 	45.2 	2.39 	0.318 	5e-01 	2.94 	1.89
134	TH3-14	359+04.1 	5.00 	4 	1.4 	144.00 	0.017 	3e-03	17.02	17.15
