l 		b 		parallax 			vLSR 				μa cosd 			μd 
5.89 	 	-0.39 	 	0.780    	0.050 	 	9 	 	3 	 	0.17	 	0.42 	 	-0.95 	 	0.34 		   
9.62 	 	0.20 	 	0.194    	0.023 	 	2 	 	5 	 	-0.58	 	0.05 	 	-2.49 	 	0.27 	
12.89 	 	0.49 	 	0.428    	0.022 	 	40 	 	3 	 	0.16	 	0.03 	 	-1.90 	 	1.59 	
14.33 	 	-0.64 	 	0.893 	 	0.101 	 	22 	 	10 	 	0.95 	 	2.00 	 	-2.50 	 	2.00 	
15.03 	 	-0.68 	 	0.505 	 	0.033 	 	23 	 	3 	 	0.68 	 	0.05 	 	-1.42 	 	0.09 	
23.01 	 	-0.41 	 	0.218 	 	0.017 	 	82 	 	3 	 	-1.72 	 	0.04 	 	-4.12 	 	0.30 	
23.44 	 	-0.18 	 	0.170 	 	0.032 	 	98 	 	3 	 	-1.93 	 	0.10 	 	-4.11 	 	0.07 	
23.66 	 	-0.13 	 	0.313 	      0.039 	 	83 	 	2 	 	-1.32 	      0.02 	 	-2.96 	 	0.03 	
27.36 	 	-0.16 	 	0.125 	      0.042 	 	92 	 	3 	 	-1.81 	      0.08 	 	-4.11 	 	0.26 		  
31.56    	5.33 	 	2.410 	 	0.020 	 	 9 	 	3 	 	 0.70 	 	0.02 	 	-3.64 	 	0.10 	  
35.20 	 	-0.74 	 	0.456 	 	0.045 	 	28 	 	3 	 	-0.18 	 	0.06 	 	-3.63 	 	0.11 		  
35.20 	 	-1.74 	 	0.306 	 	0.045 	 	42 	 	3 	 	-0.71 	 	0.05 	 	-3.61 	 	0.17 	  
48.61 	 	0.02 	 	0.199    	0.007 	 	19 	 	1 	 	-2.76    	0.04 	 	-5.28 	 	0.11 	
49.48 	 	-0.39 	 	0.185 	 	0.010 	 	58 	 	4 	 	-2.64 	 	0.16 	 	-5.11 	 	0.16 	  
52.10 	 	1.04 	 	0.251 	 	0.036 	 	42 	 	3 	 	-2.53 	 	0.05 	 	-6.07 	 	0.06 		  
59.78 	 	0.06 	 	0.463 	 	0.020 	 	27 	 	3 	 	-1.65 	 	0.03 	 	-5.12 	 	0.08 	  
69.54 	 	-0.98 	 	0.404 	 	0.017 	 	12 	 	1 	 	-3.10 	 	0.18 	 	-4.70 	 	0.24 		  
75.30 	 	1.32 	 	0.108 	 	0.005 	 	-57 	 	2 	 	-2.37 	 	0.09 	 	-4.48 	 	0.17 		  
75.78 	 	0.34 	 	0.261 	 	0.009 	 	0 	 	1 	 	-2.79 	 	0.13 	 	-4.66 	 	0.17 		  
78.12 	 	3.64 	 	0.610    	0.020 	 	-4 	 	3 	 	-10.25   	0.02 	 	-2.30 	 	0.28 
78.89 	 	0.71 	 	0.300    	0.010 	 	-6 	 	3 	 	-1.20    	0.32 	 	-4.80 	 	0.12 	
79.74 	 	0.99 	 	0.737    	0.062 	 	-1 	 	3 	 	-2.84    	0.09 	 	-4.14 	 	0.54 	  
80.86 	 	0.38 	 	0.687    	0.038 	 	-3 	 	3 	 	-3.29    	0.13 	 	-4.83 	 	0.26 		  
81.75 	 	0.59 	 	0.666    	0.035 	 	-3 	 	3 	 	-2.84    	0.15 	 	-3.80 	 	0.22 	
81.87 	 	0.78 	 	0.772    	0.042 	 	9 	 	3 	 	-1.97    	0.10 	 	-4.16 	 	0.15 		  
94.60 	 	-1.80 	 	0.326    	0.031 	 	-44 	 	3 	 	-2.20    	0.08 	 	-3.77 	 	0.15 	 
107.29 	 	5.64 	 	1.309 	 	0.047 	 	-11 	 	3 	 	-2.47 	 	0.21 	 	0.26 	 	0.40 	  
108.18 	 	5.52 	 	1.289 	 	0.153 	 	-12 	 	3 	 	0.27 	 	0.23 	 	-1.40 	 	1.95 	 
109.87 	 	2.11 	 	1.430 	 	0.080 	 	-10 	 	5 	 	0.50 	 	1.10 	 	-3.70 	 	0.20 		  
111.54 	 	0.78 	 	0.378    	0.017 	 	-57 	 	3 	 	-2.45    	0.03 	 	-2.44 	 	0.06 	
121.29 	 	0.66 	 	1.077 	 	0.039 	 	-24 	 	3 	 	-0.86 	 	0.11 	 	-2.29 	 	0.56 	  
122.02 	 	-7.07 	 	0.460 	 	0.010 	 	-46 	 	3 	 	-2.52 	 	0.05 	 	-0.84 	 	0.05 		  
123.07 	 	-6.31 	 	0.355 	 	0.030 	 	-31 	 	3 	 	-2.63 	 	0.05 	 	-1.86 	 	0.08
133.95 	 	1.06 	 	0.512 	 	0.010 	 	-45 	 	3 	 	-1.20 	 	0.20 	 	-0.15 	 	0.20   
134.62 	 	-2.20 	 	0.413 	 	0.017 	 	-39 	 	3 	 	-0.49 	 	0.23 	 	-1.19 	 	0.20 	  
135.28 	 	2.80 	 	0.167 	 	0.006 	 	-72 	 	2 	 	-1.22 	 	0.30 	 	0.46 	 	0.36 		  
157.57 	 	-21.94 	 	4.310 	 	0.330 	 	5 	 	3 	 	21.90 	 	0.70 	 	-23.10 	 	3.30   
158.29 	 	-20.50 	 	4.250 	 	0.320 	 	8 	 	3 	 	14.25 	 	2.58 	 	-8.95 	 	0.74 	  
168.84 	 	-15.52 	 	7.530 	 	0.030 	 	15 	 	2 	 	4.30 	 	0.05 	 	-28.90 	 	0.30 	  
170.66 	 	-0.25 	 	0.532 	 	0.053 	 	-16 	 	2 	 	0.23 	 	1.07 	 	-3.14 	 	0.28 	  
175.73 	 	-16.24 	 	6.200    	0.030 	 	18 	 	2 	 	13.85    	0.03 	 	-15.40 	 	0.20 		   
176.23 	 	-20.89 	 	6.820    	0.030 	 	19 	 	1 	 	4.02     	0.03 	 	-1.18 	 	0.05 	 
188.79 	 	1.03 	 	0.496      	0.031 	 	-2 	 	1 	 	-0.10    	0.10 	 	-3.91 	 	0.07 	
188.95 	 	0.89 	 	0.476 	 	0.006 	 	11 	 	3 	 	0.02 	 	0.01 	 	-2.02 	 	0.04  
192.16 	 	-3.84 	 	0.660 	 	0.040 	 	6 	 	3 	 	0.84 	 	0.16 	 	-2.22 	 	0.23 	  
192.60 	 	-0.05 	 	0.628 	 	0.027 	 	5 	 	1 	 	-0.14 	 	0.54 	 	-0.84 	 	1.76   
196.45 	 	-1.68 	 	0.189 	 	0.008 	 	20 	 	5 	 	-0.42 	 	0.01 	 	-0.12 	 	0.04 	  
209.01 	 	-19.38 	 	2.390 	 	0.030 	 	10 	 	5 	 	9.56 	 	0.10 	 	-3.83 	 	0.15 	  
232.62 	 	1.00 	 	0.596 	 	0.035 	 	23 	 	3 	 	-2.17 	 	0.06 	 	2.09 	 	0.46 	  
239.35 	 	-5.06 	 	0.880 	 	0.080 	 	18 	 	3 	 	-2.09 	 	0.16 	 	1.02 	 	0.61   
353.10 	 	16.89 	 	8.550 	 	0.500 	 	3 	 	3 	 	-3.88 	 	0.87 	 	-31.55 	 	0.69 	  
353.94 	 	15.84 	 	5.600 	 	1.500 	 	3 	 	3 	     -20.60 	 	0.70 	 	-32.40 	 	2.00 	  
