# R0[kpc]=8.0	 v0[km/s]=230.0	 Usun[km/s]=11.1	 Vsun[km/s]=12.24	 Wsun[km/s]=7.25
# R[kpc] 	 delta_R[kpc] 	 vc[km/s] 	 delta_vc[km/s] 	 wc[km/s/kpc] 	 delta_wc[km/s/kpc] 	 Reference
4.73408382846	0.279973936785	166.177024064	29.5397401614	35.1022563362	5.88434786284	Reid14	
6.67395224024	0.131534731499	250.645966635	42.9971935304	37.5558526062	6.39987816113	Reid14	
5.03120536301	0.176879825314	190.142174716	47.1948755312	37.7925687776	9.28585811544	Reid14	
6.78007119822	0.0500993157798	235.378538841	32.4390559949	34.7162340866	4.77758938339	Reid14	
4.75684694837	0.329543334975	240.778822753	29.8632884325	50.6173154963	5.20731871373	Reid14	
5.19742909687	0.295621071352	246.250246001	28.8418205049	47.3792410461	4.85097112925	Reid14	
5.59095685555	0.23691523488	254.410732805	32.8370331464	45.5039699603	5.54769564448	Reid14	
5.63753103296	0.142444357637	272.195295925	39.1366763371	48.2827135378	6.83413127008	Reid14	
5.56724769421	0.193258613573	278.159061698	39.2319270243	49.9634787199	6.83014336372	Reid14	
4.28322500069	0.332603080623	229.481533401	32.5639662308	53.5768103156	6.36332944036	Reid14	
6.92065172714	0.121350345204	271.086276798	30.438251786	39.1706283579	4.34421622762	Reid14	
6.2451946875	0.0698202209349	234.649792543	26.7061679537	37.5728546962	4.25559353464	Reid14	
6.10934788873	0.121696748556	237.199036746	22.9145724694	38.8255900738	3.67013688179	Reid14	
4.18182597559	0.237492260259	228.886592757	16.5134985499	54.7336484331	2.43544670287	Reid14	
4.04907949058	0.138459808698	221.548971556	10.8316651904	54.7158859369	1.91190189288	Reid14	
4.60582910655	0.29944732686	240.476248922	18.2721172319	52.2112834322	2.05323224656	Reid14	
4.59376220353	0.0724223515056	237.883927807	9.87743487201	51.7841188262	1.989168203	Reid14	
6.24002191048	0.146496199433	250.763475168	13.0898124102	40.1863132478	1.87358719953	Reid14	
6.33545604988	0.148394431777	223.976843159	14.5791508725	35.3529156221	2.14705092896	Reid14	
5.65359131222	0.277895448635	215.514375654	14.1235452029	38.119907109	1.65223560418	Reid14	
6.60731616038	0.0502211881216	246.205173212	10.5202676095	37.2625082917	1.56682200035	Reid14	
7.60205272069	0.599791169859	238.007503288	22.2576734513	31.308320533	1.57178524605	Reid14	
5.54231081649	0.00817035414683	206.836039361	12.2227832563	37.3194586536	2.20467235442	Reid14	
6.08299183926	0.560991538977	238.596024272	23.9417980588	39.223466113	1.55115937876	Reid14	
6.1321136846	0.122641159932	244.5043025	10.5192121645	39.872760858	1.51880776533	Reid14	
6.34832273611	0.527896535996	248.228892824	23.400138096	39.1014923378	1.73626885087	Reid14	
8.11543219226	0.389144844694	262.769684817	17.1486603578	32.3790130448	1.43337132708	Reid14	
6.05538955032	0.00202302882834	244.196444891	8.60331916904	40.3271239384	1.42070667369	Reid14	
6.08268256609	0.0210576183575	233.905113336	7.65933986065	38.4542692791	1.25214743799	Reid14	
6.08578001475	0.0100090927657	236.156195763	8.07652199189	38.8045895827	1.32557824108	Reid14	
6.38098012773	0.138901072994	228.394452207	10.0175638905	35.793004779	1.3629216932	Reid14	
7.16051412158	0.0243179983366	233.514576853	7.92822151538	32.6114260636	1.10166090198	Reid14	
7.50276826664	0.00350719212572	229.866883939	8.61276498407	30.6376094489	1.14785561434	Reid14	
7.71567237228	0.00340324754678	228.756086966	8.63391218635	29.6482375	1.11893327808	Reid14	
10.5875454363	0.292500032807	228.794367368	13.3627477731	21.6097648642	1.11199203014	Reid14	
7.90586100084	0.0527925186185	220.727563768	11.7179899972	27.9194845121	1.47041809931	Reid14	
7.97639942866	0.103049575502	233.056390066	9.34639541432	29.2182446667	1.10928885191	Reid14	
7.79704681233	0.00670754257892	224.012492081	8.62930157858	28.7304280035	1.10646372921	Reid14	
8.05172239564	0.059314730586	227.926695245	10.2925617443	28.3078183829	1.26118122853	Reid14	
7.87227292309	0.00099820766371	225.285549325	8.603987251	28.6175989483	1.09294226878	Reid14	
7.87816555873	0.00184032520582	223.54852325	12.2134376404	28.3757077181	1.55027536679	Reid14	
7.90406182767	0.00514416676401	226.339458036	7.62823880429	28.635841036	0.964923671309	Reid14	
7.90062631205	0.00188533797451	226.172134368	8.60504658677	28.6271145394	1.08913863114	Reid14	
7.92516066285	0.00352256970493	226.913669226	7.62444627286	28.6320591947	0.961971558118	Reid14	
7.92132347345	0.0014592967975	236.737373992	7.618238667	29.886088453	0.961722350467	Reid14	
8.03078756932	0.00151157798188	229.892926654	8.64270800526	28.6264484858	1.07618332674	Reid14	
8.2382184764	0.0129144125571	234.058882627	12.607146377	28.4113468583	1.52967610161	Reid14	
9.01807634787	0.178619059508	210.108026226	10.5855530841	23.2985415205	1.07929971323	Reid14	
9.74641922089	0.205635315476	236.804458921	11.6520900525	24.2965599523	1.08004585941	Reid14	
11.6661842111	0.70371839745	231.191753373	18.8439754794	19.817255513	1.08632255085	Reid14	
9.25464391964	0.0620315576828	225.450165184	14.4629729082	24.3607606237	1.55422643269	Reid14	
8.27482263301	0.0176482976648	229.520548065	9.38156944008	27.7372166443	1.13220429269	Reid14	
8.26273705018	0.0244807477304	228.186938498	9.37541425678	27.6163863273	1.1317081035	Reid14	
8.273576758	0.0362131146465	228.458863094	8.38867257922	27.6130710787	1.00668196249	Reid14	
10.2419378788	0.357934359539	231.633393166	14.1405515461	22.6161685326	1.13202773011	Reid14	
9.5306714457	0.0632970315895	209.226386944	10.9068570311	21.9529534867	1.13506993905	Reid14	
8.26371211593	0.0161707711871	232.587665793	9.46585220793	28.1456641435	1.14414730247	Reid14	
9.80652521441	0.344445384262	215.438242039	17.7504364681	21.9688663751	1.63734780929	Reid14	
9.76191569501	0.119476279581	227.554878222	11.6033200966	23.3104736132	1.15388481605	Reid14	
8.51933270996	0.0200647178459	219.498489191	10.7340384758	25.7647513794	1.25850027091	Reid14	
9.81231688598	0.172766712924	241.568873022	13.3620032439	24.6189432963	1.29092610457	Reid14	
9.49651282078	0.0873765227483	235.285849154	11.0670472026	24.7760260629	1.14286665421	Reid14	
9.8512036659	0.0812705148984	219.944306042	15.0035074873	22.3266428653	1.51183375691	Reid14	
12.9523700511	0.354796892872	211.078623123	18.4718701768	16.2965250599	1.35447260416	Reid14	
11.9301385962	0.0979821498258	273.117407274	37.8961110107	22.8930623959	3.17093270703	Reid14	
15.6064838439	2.35327993079	212.657253124	87.246680263	13.626211724	5.19913559664	Reid14	
14.6965298275	0.494508707717	613.860755759	481.156604417	41.7690953555	32.7092899386	Reid14	
9.74777212192	0.0398738591645	184.992740455	161.881299187	18.9779508734	16.6068234336	Reid14	
9.99685826547	0.415459714222	312.324072509	71.5134466216	31.2422227279	7.03477413473	Reid14	
10.0803286046	0.0262755913162	209.126057499	69.7123643418	20.7459563773	6.9154722832	Reid14	
9.48321498772	0.0901653022339	233.849968016	48.5646482152	24.6593553261	5.11574656818	Reid14	
9.56031785905	0.0673108467531	231.849110184	47.1525767364	24.2511926488	4.92915754452	Reid14	
13.1577041575	0.330775934724	255.527938674	50.3834844863	19.4204046249	3.79794943185	Reid14	
8.34447333965	0.00431381508389	230.372592015	19.6159868954	27.6078049073	2.35073258212	Reid14	
11.9580450099	0.126094178637	209.880909573	24.6481757431	17.5514400053	2.05289552939	Reid14	
11.4640756321	0.242858366332	237.940707496	23.5258097062	20.7553330187	2.00447642437	Reid14	
9.11644755862	0.070613061934	231.077715997	11.068845115	25.3473422089	1.19818329968	Reid14	
10.2282255134	0.153140759113	226.623687783	15.5079460221	22.1566964364	1.4794545142	Reid14	
8.65212413987	0.0470656310913	223.311748234	9.68783894849	25.8100490265	1.11086905054	Reid14	
11.1186834835	0.364713113709	210.097274365	15.3909762225	18.8958768974	1.23772245253	Reid14	
7.65101965338	0.00286958231065	235.150920839	13.9767908165	30.7345859105	1.82675162063	Honma12	
9.32503881743	0.0321838659564	207.892867614	10.5746434518	22.294048495	1.13139188446	Honma12	
8.19934419333	0.0152937314347	257.664886842	22.0597408935	31.4250604398	2.68978888621	Honma12	
8.20516553666	0.0154774914191	267.206637627	22.5495277946	32.5656607942	2.74752456997	Honma12	
8.12557786649	0.00050045827549	328.533818863	39.6498759194	40.4320559425	4.87963704338	Honma12	
9.85948225461	0.185630752877	178.896129232	55.3874808124	18.1445764202	5.60728974172	Honma12	
8.15443294019	0.000747294857381	523.307924301	103.806066692	64.1746554469	12.7300152415	Honma12	
8.13669780068	0.000601331535407	585.334910535	117.075779508	71.9376490161	14.3886100214	Honma12	
9.48317906924	0.0901630679673	228.203813393	43.0092270716	24.0640624548	4.52954274566	Honma12	
7.8889080576	0.00649592537817	221.142861204	65.3305082042	28.0321255603	8.28127973505	Honma12	
7.82919033525	0.0457468395501	218.581858395	73.3971313769	27.918833115	9.37338536924	Honma12	
8.3229883888	0.0189580333247	245.828848219	19.5922643718	29.5361277386	2.35303237028	StepanishchevBobylev11	
7.88424420006	0.00522254353936	221.095741222	72.8993223478	28.0427312513	9.24618433737	Xu13	
7.7335067293	0.0207348732868	231.688976242	7.66385588458	29.9591096706	0.987732844346	BobylevBajkova13	
9.37819805023	0.0918052303449	226.123817154	9.36896992843	24.1116487349	0.970732110542	BobylevBajkova13	
9.10438498127	0.0862850179413	203.793971033	9.5856447829	22.3841557066	1.03126653065	BobylevBajkova13	
4.73377682894	0.280018802263	183.146938993	28.1905405928	38.6893902293	5.49786908484	BobylevBajkova13	
8.12203661668	0.000627601211239	281.469919451	40.7816896176	34.6550911717	5.02111548404	BobylevBajkova13	
8.12203826363	0.00301230283134	285.004419715	36.3590337443	35.0902581919	4.47657089457	BobylevBajkova13	
7.61221281207	0.0105441863048	236.35135185	8.65832050743	31.0489679788	1.13661152009	BobylevBajkova13	
