# R0[kpc]=8.0	 v0[km/s]=230.0	 Usun[km/s]=11.1	 Vsun[km/s]=12.24	 Wsun[km/s]=7.25
# R[kpc] 	 delta_R[kpc] 	 vc[km/s] 	 delta_vc[km/s] 	 wc[km/s/kpc] 	 delta_wc[km/s/kpc] 	 Reference
8.92908071638	0.308496075318	211.744518934	7.34896140296	23.7140334666	0.078232835091	FrinchaboyMajewski08	
8.70829112606	0.226536488621	215.513883942	5.87408373924	24.7481257599	0.201323735646	FrinchaboyMajewski08	
9.64305441457	0.542163489826	231.507284548	13.0474320476	24.0076716977	0.0937375428378	FrinchaboyMajewski08	
9.79693499696	0.573508381995	248.63981857	14.6940410025	25.3793475865	0.205645486871	FrinchaboyMajewski08	
9.39442708857	0.439768221452	211.843592866	10.1246637045	22.5499214448	0.217293613	FrinchaboyMajewski08	
8.69313081369	0.210039755436	201.373796191	4.99120995592	23.1647033165	0.128044200075	FrinchaboyMajewski08	
9.0608690451	0.326454803818	315.185170182	11.4290948657	34.7853134852	0.142591579437	FrinchaboyMajewski08	
8.61773156369	0.1864098401	220.135042078	5.47933601461	25.5444301614	0.314573237329	FrinchaboyMajewski08	
8.74754991038	0.227720828246	267.050294358	7.32772877831	30.5285819566	0.264797679334	FrinchaboyMajewski08	
8.71564343329	0.220724079058	253.677829263	6.76339763357	29.1060357396	0.242595748221	FrinchaboyMajewski08	
10.7000964131	0.938485318424	282.515977226	24.7862358905	26.4031244504	0.0561825120654	FrinchaboyMajewski08	
8.83070038018	0.25875706295	250.225478798	7.67263566829	28.3358587683	0.255975317643	FrinchaboyMajewski08	
8.50694324477	0.157858220571	235.662305732	4.56166289247	27.7023484172	0.152601871831	FrinchaboyMajewski08	
8.9126000602	0.291422852225	212.223807837	7.09174565129	23.8116606158	0.164116247775	FrinchaboyMajewski08	
8.56513615631	0.182780288874	238.524777295	5.09612364015	27.8483345673	0.028856260059	FrinchaboyMajewski08	
8.71817463484	0.237571697311	226.972186879	6.39456791622	26.034370311	0.1862256898	FrinchaboyMajewski08	
7.98347322125	0.0020547779608	218.814171884	0.276129100733	27.4083930415	0.0338605617127	FrinchaboyMajewski08	
8.26175622803	0.08383396399	210.710464316	2.26827658082	25.5043187551	0.0916619938917	FrinchaboyMajewski08	
8.05584836885	0.0204651052497	230.110148886	1.41556579275	28.5643595	0.160035919508	FrinchaboyMajewski08	
8.85753003727	0.275098179827	235.60093617	7.33766212109	26.5989429535	0.0616410019243	FrinchaboyMajewski08	
8.287511448	0.100025068918	231.648088018	3.13465327383	27.9514652222	0.171039769881	FrinchaboyMajewski08	
8.51510527317	0.159540828348	253.16960238	4.77036360627	29.7318229497	0.0594369349738	FrinchaboyMajewski08	
8.7212207289	0.255661153697	225.953980374	6.67949737115	25.9085267302	0.0986972001469	FrinchaboyMajewski08	
8.33280095343	0.117055105814	253.674658788	3.58705258007	30.4429039174	0.0492518430912	FrinchaboyMajewski08	
8.13868061389	0.0671575238896	229.852820619	2.07715432025	28.2420249084	0.10405822766	FrinchaboyMajewski08	
8.05228398152	0.0357861962588	223.260682703	1.10482317364	27.7263796477	0.060347166396	FrinchaboyMajewski08	
8.0641806833	0.0225210954002	212.823289042	0.974494467523	26.3911855897	0.0957635844119	FrinchaboyMajewski08	
8.63778613147	0.194592148375	196.127338783	4.47651975541	22.705741471	0.083268844764	FrinchaboyMajewski08	
8.23645189951	0.132384627363	220.767065225	3.87854180909	26.8036610811	0.190116454024	FrinchaboyMajewski08	
7.9255179373	0.0017441693644	240.878255876	1.52547352589	30.3927462889	0.192359945579	FrinchaboyMajewski08	
7.95728429851	0.00156154117413	240.20737935	2.14108004358	30.1871053414	0.269006484687	FrinchaboyMajewski08	
7.78870430201	0.0487388277926	229.239035339	1.4819373939	29.4322427005	0.0477587558608	FrinchaboyMajewski08	
7.35071976387	0.178338568287	236.328624834	5.80214292735	32.1504060045	0.120918701428	FrinchaboyMajewski08	
7.27468440238	0.198003389462	227.860434607	6.22823250607	31.3223807389	0.0785887866615	FrinchaboyMajewski08	
7.54027535552	0.133414240238	227.332535554	4.88285571502	30.1491026303	0.367128903422	FrinchaboyMajewski08	
7.34255418657	0.185636235803	225.268124067	5.74627563352	30.679804104	0.104027383733	FrinchaboyMajewski08	
7.0075940148	0.268498951051	247.674352836	9.54868441257	35.3437074569	0.151160081946	FrinchaboyMajewski08	
7.527970984	0.137241193131	236.141021817	5.82289016045	31.3684819347	0.520829894263	FrinchaboyMajewski08	
7.30521216887	0.201149981853	251.125680431	6.952301621	34.376233657	0.0987432826354	FrinchaboyMajewski08	
7.11224662517	0.253036112619	245.28205272	8.79811584654	34.4872816773	0.157484703385	FrinchaboyMajewski08	
7.40024693277	0.175753914206	185.034489025	4.66162273606	25.0038263191	0.210166897639	FrinchaboyMajewski08	
6.50033815327	0.425159714271	185.89931741	12.3444248996	28.5984071947	0.328011102795	FrinchaboyMajewski08	
6.81436244461	0.34250191264	257.986948714	12.9863349704	37.8592936333	0.104275019562	FrinchaboyMajewski08	
6.89898627702	0.319357638622	224.379999873	10.9089414134	32.5236188134	0.48340315838	FrinchaboyMajewski08	
7.52119025557	0.143044499078	252.645433611	5.56575273982	33.591150473	0.373450099704	FrinchaboyMajewski08	
7.18354028403	0.241451766506	254.335040564	8.63952307861	35.4052501285	0.173968145071	FrinchaboyMajewski08	
7.15948118526	0.247829600349	219.852942519	8.06451302806	30.7079433314	0.372676577856	FrinchaboyMajewski08	
7.00970479778	0.291819764289	236.148505443	9.8683777176	33.6887946433	0.122322768844	FrinchaboyMajewski08	
7.53290415516	0.139909897915	207.126927125	4.67720394934	27.4962913185	0.35314746251	FrinchaboyMajewski08	
7.17927750779	0.244126649579	281.128905602	9.72434668298	39.1583840152	0.248266947613	FrinchaboyMajewski08	
7.51396816877	0.145791613875	165.154168425	24.3037531463	21.9796204503	3.20623853927	FrinchaboyMajewski08	
4.5620879663	0.994087116229	220.134164984	48.0255408356	48.2529417692	0.516826679813	FrinchaboyMajewski08	
7.61733251228	0.113109374268	205.636899447	3.22307073885	26.9959200436	0.135439141532	FrinchaboyMajewski08	
6.39225392945	0.460500117016	263.954178416	19.1189748199	41.2928180465	0.310986146087	FrinchaboyMajewski08	
7.86464376939	0.0140207973763	247.935095539	0.538140207325	31.5252798231	0.0390299591494	FrinchaboyMajewski08	
7.86756794863	0.000546954982671	253.378154887	0.755580692927	32.2053977216	0.0960112885272	FrinchaboyMajewski08	
7.77223640603	0.062486273742	238.096764405	2.12861390432	30.6342668914	0.119784886556	FrinchaboyMajewski08	
7.81881893295	0.0312733320055	213.827400362	2.74859884415	27.3477877152	0.334085091887	FrinchaboyMajewski08	
8.15552892632	0.0757611711999	218.94252332	2.07446551325	26.8459011424	0.0500706494837	FrinchaboyMajewski08	
8.19250676087	0.0816440653402	224.750272503	2.34513966382	27.4336389415	0.0848317515284	FrinchaboyMajewski08	
5.57961486821	0.722405053298	295.044185458	72.2931532658	52.8789517604	11.0001080137	Durand98	
6.66917608893	0.398281028037	375.372855342	56.7969813181	56.2847419736	7.82494036808	Durand98	
6.32307341091	0.41771250959	71.5429904132	55.2742647566	11.3145911433	8.70966234127	Durand98	
6.23798407974	0.43829561527	316.4259905	50.3631986033	50.7256809982	7.24435654555	Durand98	
6.41152879412	0.474184927491	176.070675367	47.929422852	27.4615744577	7.19431716834	Durand98	
5.59435464458	0.713446796383	233.261032221	47.7642500292	41.6957892448	6.67989907705	Durand98	
6.40628536229	0.466723066307	210.727646031	41.8967755536	32.8938900023	6.08506007916	Durand98	
3.61573363814	0.916476686238	132.662600289	44.2607923677	36.6903686956	7.95980306598	Durand98	
4.86280480583	0.845685297528	298.782546891	63.6148199975	61.4424306179	7.54712379708	Durand98	
5.00851829908	0.799195663996	306.4645845	60.197817607	61.1886722178	7.00916658828	Durand98	
6.02716909918	0.560212586508	179.472122899	43.3923100807	29.7771839392	6.64618615978	Durand98	
4.89896531688	0.742577540492	303.41776106	77.5979320806	61.9350702513	12.757734763	Durand98	
4.63146495661	0.540033882232	186.010932719	32.712312634	40.1624398461	5.28738749209	Durand98	
6.51176174921	0.408144584347	252.165619939	22.8370024762	38.7246385311	2.53142149868	Durand98	
7.29334623996	0.20216365182	246.971333936	18.5557333966	33.8625544174	2.36472461097	Durand98	
6.82562239297	0.305447031426	209.567746341	17.7911522383	30.703096989	2.21499185114	Durand98	
6.08440191159	0.194914174912	198.73695508	22.0058715256	32.6633509698	3.46209723513	Durand98	
7.86762331736	0.0321321501113	205.907373259	10.4680968799	26.1714834269	1.3262281921	Durand98	
7.40505007104	0.116858078051	205.988580814	9.85826642501	27.8173110023	1.25683238206	Durand98	
7.43928085473	0.105553996634	233.380793813	49.2386301625	31.3714186049	6.60375070052	Durand98	
7.64056896282	0.292501447436	218.126614003	25.0614265679	28.5484778771	3.09261253809	Durand98	
7.50552548629	0.0421518220644	181.059443349	14.1126226805	24.1234865806	1.8754105643	Durand98	
7.82999684944	0.325459429554	50.6267147959	27.6549599144	6.46573884631	3.52168488839	Durand98	
7.9689902866	0.00163980420973	258.490431983	7.61613440029	32.4370369001	0.955698072868	Durand98	
8.38835904651	0.244057908684	209.280816129	16.6794206842	24.9489578318	1.85116935746	Durand98	
8.21918231919	0.140081107782	215.155943689	8.33387806449	26.1772929877	0.910526753567	Durand98	
9.28048685832	0.650425455862	260.279115757	56.8673785387	28.0458471339	5.8038132268	Durand98	
8.18183489865	0.0851178429238	177.164627807	9.43634865854	21.6534102682	1.13111591769	Durand98	
8.2013665015	0.0944760769421	164.633792303	8.33158590109	20.0739464908	0.989208959406	Durand98	
9.29981099131	0.629824416544	226.787208053	19.3966427645	24.3862169097	1.27379878454	Durand98	
8.2482157857	0.100329009851	137.522693536	30.1835841738	16.6730232463	3.6537835548	Durand98	
9.15869380065	0.472019260277	268.565275919	55.1610114004	29.323534749	5.83011304863	Durand98	
10.9014160646	1.20791297443	205.689037871	67.5872453859	18.868102699	5.83673238518	Durand98	
10.9648156886	1.2242856833	248.316681427	69.8472718511	22.6466808452	5.8467539186	Durand98	
8.87074787849	0.269044051086	222.486136364	9.67287267969	25.0808769917	0.781267683102	Durand98	
10.5915928892	0.914647090503	208.503766983	21.77258974	19.6857799544	1.15574362603	Durand98	
9.86567321175	0.60792528687	182.017279685	14.7201158926	18.4495549141	0.966312509897	Durand98	
9.32852910872	0.415452934047	243.617989188	14.8164326117	26.1153699955	1.08164110001	Durand98	
9.23735150185	0.381449405352	332.247192949	14.609042273	35.9677980082	0.543318488323	Durand98	
11.1348135017	0.975653280681	220.558875707	22.9746494475	19.808043994	1.11575395376	Durand98	
9.83541646565	0.552010348526	115.824638841	23.9007513417	11.776282097	2.33846053526	Durand98	
12.0487054348	1.25679832307	284.388686562	113.428272121	23.6032566404	9.08649808027	Durand98	
9.75246697455	0.544145672404	301.844366768	17.5769149012	30.9505653858	0.515838286564	Durand98	
9.43246145392	0.466213266686	208.740247323	10.362002148	22.1299867847	0.101938663835	Durand98	
12.6496563192	1.57498682954	342.177345688	42.9784546508	27.0503274597	0.447574682381	Durand98	
9.73054615899	0.480850015688	237.396917651	12.3847067013	24.3970804693	0.407939221354	Durand98	
12.1970959969	1.20150088156	271.283330247	27.0749185927	22.2416327883	0.356564431149	Durand98	
9.79600661236	0.637463848269	244.053982151	15.8816974712	24.9136195808	0.0074049248122	Durand98	
7.98213995984	0.0579740460917	254.430161587	3.0712579998	31.8749311421	0.30732672871	Durand98	
7.95487813911	0.0537685262635	243.961471179	2.40703006007	30.6681594504	0.220426862665	Durand98	
8.08174171262	0.202212432905	267.600191824	6.96205614562	33.1116981141	0.236046932985	Durand98	
7.87872937915	0.230884712979	231.362745237	6.8445016034	29.3654895483	0.11894508864	Durand98	
7.87983837267	0.02617962779	214.257755826	6.94251676117	27.1906282455	0.876404598893	Durand98	
7.41517562018	0.0668710355767	250.82308152	9.26390111838	33.8256427585	1.21150309681	Durand98	
7.49958006771	0.0920294274807	253.29751603	3.88874878625	33.7748932265	0.311599421927	Durand98	
7.94105059845	0.0146346636899	303.115863723	25.4066585134	38.1707508301	3.19863427529	Durand98	
7.5015376245	0.139078284626	245.268330866	9.09292128426	32.6957409458	1.04968278352	Durand98	
6.93493774125	0.261450036951	254.596568441	13.9871089093	36.7121635319	1.46706240453	Durand98	
6.16578806113	0.383004228469	200.990577779	14.4717875666	32.597711077	1.1869023734	Durand98	
5.40180950951	0.270822079191	202.98153354	11.79617853	37.5765811775	1.10435378287	Durand98	
6.27119369842	0.443215268894	134.692378681	16.7287402968	21.477949041	2.19355132811	Durand98	
5.50212593319	0.511632269655	187.140552472	20.2731979368	34.0124080663	1.89033860236	Durand98	
5.10333271287	0.429934325041	171.687199468	16.8698948788	33.6421725033	1.70136660371	Durand98	
5.99752528881	0.498306755256	221.898051399	20.6200014896	36.9982685715	1.53975822622	Durand98	
5.28655960788	0.529232237505	273.888463787	28.1095787971	51.8084508834	1.17161295504	Durand98	
5.4951126265	0.625728652947	209.58978693	30.6085222789	38.1411267022	3.48763823165	Durand98	
6.4250140223	0.443610772019	96.5797880404	16.6083300913	15.0318408186	2.36744550522	Durand98	
6.33053163631	0.467419773628	236.503852041	20.9094828862	37.3592402073	1.81672630941	Durand98	
5.84303014456	0.579852103467	216.844142735	23.8074948723	37.1115906251	1.74297773592	Durand98	
6.99171370059	0.294937683468	245.456687502	20.8834353147	35.1067989928	2.59389410324	Durand98	
5.78117791162	0.609052069573	283.709049448	35.9811026024	49.0746096705	3.46506734498	Durand98	
6.06394738296	0.54724588699	284.90617089	33.3084128482	46.9836152752	3.49188701472	Durand98	
4.24762775352	0.889509642488	222.534439212	50.9645078139	52.3902875029	4.85722168246	Durand98	
6.32201621265	0.411680629555	75.1929050211	18.6450945926	11.8938171767	2.84571751761	Durand98	
7.25597831227	0.184907303099	176.399182043	23.2142399154	24.3108750401	3.13876978605	Durand98	
5.81157897113	0.644785562543	124.811825704	37.6788548702	21.4764053493	6.02967731333	Durand98	
7.34515857151	0.195939790403	237.340488969	51.0163265841	32.3125071648	6.89187754559	Durand98	
6.53199517341	0.365200281414	475.055366841	54.676117975	72.7274522148	7.31654368067	Durand98	
6.62316362972	0.412226941208	314.11854038	97.3931293051	47.4272655699	14.4055973259	Durand98	
7.80816591118	0.0201233250474	226.541617713	17.0676575468	29.0134226514	2.1845935106	Pont94	
7.51311612851	0.0509174008768	247.626199636	20.8738894317	32.9591870271	2.76933283366	Pont94	
6.55256969068	0.141214000107	228.035878995	16.4455041768	34.8009849204	2.3950995441	Pont94	
7.21607547835	0.080224953096	237.382642812	17.3301265279	32.8963636154	2.37358937928	Pont94	
7.77520195402	0.0233154928002	225.647824874	15.7428717493	29.0214744528	2.02288293643	Pont94	
7.42753247816	0.0580401811044	228.717529389	14.9248210225	30.7932048848	1.99493219554	Pont94	
6.96534299764	0.10301523061	243.395391375	16.0201840947	34.9437768474	2.24116952442	Pont94	
6.58199502603	0.140008706294	231.847372454	17.0530819681	35.2244830841	2.48015786123	Pont94	
7.23611001705	0.0795088967441	254.835235523	21.6790927623	35.2171587943	2.97086456834	Pont94	
6.86964660672	0.106975519288	223.596816539	14.5284527075	32.5485180446	2.05324199384	Pont94	
10.3785594528	0.279285756073	240.822352852	19.497131748	23.2038322801	1.77178904081	Pont94	
8.8689873627	0.0960064275782	226.883256681	17.3511799401	25.5816416692	1.9366902096	Pont94	
9.21879890017	0.138719954331	250.577634239	17.2442654335	27.1811585166	1.82529062759	Pont94	
10.2962834427	0.281701870311	208.540660707	17.6895757588	20.2539743459	1.62623492045	Pont94	
9.59604562393	0.180642923211	236.619406062	18.7719529706	24.6580117827	1.90034833591	Pont94	
9.99889886819	0.230003228732	201.935311567	18.9785152508	20.1957549756	1.84033087579	Pont94	
8.6634678931	0.0763668490018	217.381216105	14.122279537	25.0917090924	1.61502047279	Pont94	
9.6966455932	0.185632612847	223.326365915	23.9297598613	23.0313012648	2.4281322863	Pont94	
8.75676894412	0.0815529789	181.003359542	21.8978939067	20.6701079698	2.49326142489	Pont94	
7.89414377639	0.00932787506515	231.843421042	11.3840618653	29.3690395829	1.44167188728	Pont94	
7.59144026558	0.018638779292	222.683890101	11.2052719529	29.3335496704	1.47428221337	Pont94	
7.97380670485	0.00520299956867	225.907614884	11.4192106194	28.331212838	1.43197089964	Pont94	
7.75802889401	0.015697102284	244.708919428	12.273616085	31.542666671	1.58076558199	Pont94	
7.68673301515	0.0141791580727	239.012180855	11.4253619375	31.0941176679	1.4852671634	Pont94	
7.7095383671	0.00665690249119	243.289279018	11.3918641602	31.5569191608	1.47738120573	Pont94	
7.76795554005	0.0129877375878	222.38778244	11.1992777093	28.628869114	1.44093301396	Pont94	
7.65004635923	0.00967066247748	222.938411252	11.4109586273	29.1420993787	1.49116454704	Pont94	
7.64052437542	0.00584867236306	247.45593601	11.3924321802	32.387297501	1.49084758324	Pont94	
7.60457976764	0.00838792774282	237.994639058	11.3882663744	31.29622495	1.49715576154	Pont94	
7.95681983443	0.170404095372	250.826407261	12.9108207219	31.5234493781	1.47549737256	Pont94	
7.58448532514	0.0844528709149	235.47138592	11.6804508138	31.0464554713	1.50074329852	Pont94	
7.44888846657	0.00327424341435	225.795277244	11.171926204	30.3126135205	1.49975199325	Pont94	
7.50816342043	0.00971259995146	220.282361997	11.1571848249	29.3390473358	1.48552244237	Pont94	
7.77906678968	0.0468588861068	229.877689553	12.3721062923	29.5508054846	1.58044298049	Pont94	
7.7208487979	0.0227227911892	227.246956803	11.2169282612	29.4328982151	1.45022556772	Pont94	
7.72328386118	0.0971651992334	221.376224606	11.9785174897	28.6634841584	1.50845704437	Pont94	
7.9697034547	0.177986781573	239.745002862	13.1603549154	30.0820481245	1.50845704437	Pont94	
7.82883624002	0.0343980802159	223.708203178	11.2669772714	28.5748987869	1.4336767826	Pont94	
8.43937842711	0.251034783576	227.749641688	14.2219450423	26.9865421553	1.48171587375	Pont94	
8.48579499897	0.254734820708	223.824720747	14.223965846	26.3763997096	1.477410392	Pont94	
8.27302136815	0.248365697257	232.857336467	14.2477468306	28.1465895112	1.50064591744	Pont94	
7.57550636417	0.0196495979924	215.319856553	11.4449587584	28.423163575	1.50898472594	Pont94	
7.72674428181	0.0863735691246	229.924834499	11.8915952335	29.7570135769	1.50263972061	Pont94	
7.70854760722	0.0242648295743	246.950031769	11.4657094555	32.0358703549	1.48397969597	Pont94	
8.10618778379	0.199496586141	225.002241464	13.3554192924	27.7568503796	1.49927101381	Pont94	
8.0525381435	0.173793079298	224.280606745	12.9668455902	27.8521632246	1.49387498428	Pont94	
9.22961284228	0.47372277737	236.576000717	18.4257643673	25.6322778387	1.50155759906	Pont94	
7.86259174749	0.154458369067	190.868025648	12.4715636258	24.2754592605	1.51280521244	Pont94	
7.61897394593	0.0591051365649	238.263576301	11.6502011781	31.272396781	1.50973626105	Pont94	
7.66248562577	0.0974281895281	237.515941942	12.0279508722	30.9972446987	1.5194344239	Pont94	
7.67788210006	0.111950664107	229.795546633	12.1600201747	29.9295487529	1.52246197653	Pont94	
7.47438201957	0.0186337634836	227.744743097	11.1760553069	30.470043209	1.49331728719	Pont94	
7.67600341092	0.0575979366023	228.635707997	11.6328081869	29.7857746743	1.49890566205	Pont94	
7.62613760324	0.0267400795885	245.799873546	11.3711950833	32.2312402862	1.48679273683	Pont94	
7.79435298661	0.118449647212	197.480465396	12.1216775523	25.3363512963	1.506770308	Pont94	
7.74015984828	0.00533689032146	238.490588058	11.1552045922	30.8121011365	1.44105454149	Pont94	
8.07346472562	0.139709718411	233.567702625	12.5774644345	28.9302933205	1.47524475684	Pont94	
7.82939938862	0.128332096947	227.606518366	12.3616850328	29.0707507777	1.50526103716	Pont94	
8.38015055131	0.288572802521	204.172125091	15.2332113644	24.363777696	1.61258247937	Pont94	
7.57603691552	0.0300059157544	238.729215855	11.3850620893	31.511094589	1.49758138943	Pont94	
8.66046357741	0.0788310853579	229.8867372	13.4242532079	26.544391665	1.53111468082	Pont94	
10.3622379446	0.275847602054	184.959376874	19.2749511901	17.8493659249	1.79840239651	Pont94	
9.64366040426	0.207371164354	193.387820036	15.4547775778	20.0533627201	1.5434797812	Pont94	
8.16901338479	0.018098627806	230.739748882	15.8714947684	28.2457302998	1.94188196982	Pont94	
8.85409723592	0.109034745568	220.904930174	13.3860894064	24.9494583454	1.48030400703	Pont94	
9.01669535799	0.121507652699	207.583382817	14.5609324209	23.0221133769	1.5848045199	Pont94	
10.0481685149	0.231954792712	212.083438598	20.330449831	21.1066761355	1.96375749625	Pont94	
10.4277614421	0.289357953997	226.319872111	18.9234819889	21.7035912615	1.71187330123	Pont94	
10.515720755	0.292334811803	221.440999342	20.2102259486	21.058090501	1.83057831031	Pont94	
9.97570528234	0.234763011176	206.409916365	17.5712912004	20.6912604696	1.69276451323	Pont94	
9.14798151727	0.134174264351	213.599149431	15.499518892	23.3493201782	1.65933838811	Pont94	
9.36322710196	0.162754928351	217.531146525	15.6649781113	23.2324971034	1.62356176607	Pont94	
9.31723166024	0.152864386791	209.515835287	16.3092992237	22.4869191759	1.71112363025	Pont94	
9.33794068413	0.16635712598	208.083209234	15.1767474873	22.2836293646	1.57604861034	Pont94	
9.78988593474	0.223909487746	196.033786398	15.9245339827	20.0241134274	1.56082728498	Pont94	
9.69300246702	0.189793566134	225.488014179	19.9406610849	23.2629688217	2.00616139095	Pont94	
8.95163051512	0.111698956429	216.29079741	14.7083904902	24.1621676682	1.61519809525	Pont94	
9.01337300096	0.121436941034	230.36490527	14.6120309008	25.5581240503	1.58415751251	Pont94	
8.33936017569	0.0370610809971	213.475595722	14.6772124026	25.5985580698	1.75631205346	Pont94	
7.50622300345	0.0505284914133	244.93396149	15.2779398989	32.6307866656	2.02348258342	Pont94	
6.36708968888	0.133764503014	240.67785104	13.5664326024	37.8002922529	1.97718989796	Pont94	
7.5546564749	0.0374530004291	234.500416161	11.6720161247	31.0405134821	1.5373266772	Pont94	
6.38973076555	0.0546061540672	216.094206276	11.3904402081	33.8189845871	1.75903172745	Pont94	
7.02648279936	0.0876417410699	223.462823135	14.1788058154	31.8029417443	1.97853567004	Pont94	
7.56031784808	0.0330181237823	238.522115906	11.6938592801	31.5492179958	1.54059255855	Pont94	
7.57996196304	0.0330089844836	235.085724512	11.5005613611	31.0141034558	1.51120883496	Pont94	
7.29349716197	0.0433858340273	230.154357668	11.4268890913	31.5561043703	1.5554370172	Pont94	
7.31309041188	0.0510715792081	241.535120013	11.6630105331	33.0277770969	1.57804548571	Pont94	
7.3812596431	0.0915916580912	237.013599135	11.9421572459	32.1101831659	1.56807196238	Pont94	
7.90961618334	0.258797178444	235.16619	14.5483626363	29.7316816075	1.56101892924	Pont94	
6.32538841668	0.0179274257646	222.931394514	11.1776347902	35.2439059593	1.76428104158	Pont94	
7.32353943555	0.0395500800303	232.347424778	11.5021528762	31.7261109636	1.56119956336	Pont94	
7.25550637006	0.0673747763657	227.283117124	12.8216073442	31.3256036908	1.74304938313	Pont94	
6.55566019763	0.0430736691765	221.199015003	11.5348755798	33.741684031	1.74550649634	Pont94	
6.41685670203	0.0354116310999	221.688246789	11.478523106	34.5477945174	1.77861873755	Pont94	
6.32615442909	0.114687429773	244.148483764	12.8731632983	38.5935067663	1.91084607294	Pont94	
6.9369285012	0.0990072445848	227.997279693	13.7148755592	32.8671802879	1.92062520445	Pont94	
7.29289626729	0.0655537856399	229.981418476	12.7432256964	31.5349910442	1.72420271151	Pont94	
7.34656161224	0.0640614587657	249.467261661	13.7334262764	33.9570093913	1.84576800846	Pont94	
7.56533785497	0.0317060185767	237.964853339	11.4507892479	31.4546234287	1.50783442575	Pont94	
8.06949774836	0.00774348820431	225.072394391	11.6517517151	27.891747592	1.44367718853	Pont94	
9.51177944722	0.214337141114	230.589653435	14.6759004622	24.2425357647	1.4429753444	Pont94	
9.47619634549	0.226431057515	238.090397403	14.8391013526	25.1251017521	1.44627851186	Pont94	
8.45617258942	0.056580658042	218.561360472	12.4453607911	25.8463694019	1.46155265233	Pont94	
7.61829838411	0.0393722590504	252.942987129	16.7209751867	33.2020320517	2.18812605126	Pont94	
7.61887433665	0.0364362239635	240.634718456	12.2634524053	31.5840251227	1.60251197209	Pont94	
7.65666928213	0.0341512550669	230.302212692	12.8409724612	30.0786417965	1.67172164409	Pont94	
7.66759255069	0.0322794004652	234.914630423	12.3010235043	30.6373387566	1.59909448665	Pont94	
7.35920955824	0.0572997655914	241.151094405	12.2999730206	32.7686135986	1.65178263398	Pont94	
7.18296374415	0.0503198348982	226.187479607	11.5548545495	31.4894363474	1.59344990819	Pont94	
7.12212699653	0.0385510507884	223.022795604	11.5357642059	31.3140717251	1.61081451115	Pont94	
7.19825923353	0.0584391331723	247.026568727	11.9844953661	34.3175427159	1.64143916331	Pont94	
7.4121869761	0.0524284875115	219.342654598	12.3843004232	29.5921642702	1.65763950038	Pont94	
6.88791244015	0.0407803602084	229.434454939	11.5017721473	33.3097229287	1.65816228272	Pont94	
7.07719366581	0.0364990693569	241.608982193	11.5215707283	34.1390943362	1.61843717761	Pont94	
7.45069099858	0.0505439148545	226.126248045	12.3135739093	30.3497015362	1.63980091079	Pont94	
7.82440836852	0.0179342694117	251.06905001	12.6732245543	32.0879276981	1.61803314557	Pont94	
7.82825288687	0.0108080087906	249.205374678	11.2339603845	31.8340986525	1.43438012129	Pont94	
7.69194428975	0.028824919961	217.433888872	11.8821747288	28.2677409873	1.54111932456	Pont94	
8.12563234733	0.0508715704954	237.139644706	11.4982848764	29.1841464848	1.40321810588	Pont94	
7.98575216386	0.0114591710662	223.942022049	11.1920822362	28.0426962237	1.40092853197	Pont94	
8.16388617866	0.0772222414683	231.590279019	11.7076959595	28.3676516246	1.40875659658	Pont94	
8.00254603442	0.0266884248352	232.90802311	11.2976873701	29.1042403391	1.40842101938	Pont94	
8.22091495416	0.0415956787145	230.169484212	11.6422745302	27.9980373834	1.409074267	Pont94	
8.05142126548	0.0288612161194	233.478749108	11.2973502716	28.9984515044	1.39929417344	Pont94	
7.56991949434	0.00522293086027	223.195924896	11.1511667557	29.4845836951	1.47294873914	Pont94	
7.92464700941	0.00717700361583	241.40696244	11.5604802656	30.4628032205	1.4585397542	Pont94	
7.40462159959	0.0313645624715	219.290095627	11.5212504506	29.615300752	1.55088890705	Pont94	
7.66739510748	0.0236551605009	220.976758537	11.3250455649	28.8203171272	1.47436080805	Pont94	
7.98323577461	0.00462844849636	238.676640113	11.1977660794	29.897230503	1.40255296881	Pont94	
7.69750043057	0.0063131281758	225.510159441	11.3940074908	29.2965439204	1.48002671444	Pont94	
7.81354336949	0.00121798527505	230.871960025	11.3875201919	29.5476647544	1.45740066764	Pont94	
8.32041781195	0.0645984683806	232.284833455	11.9717129281	27.9174482226	1.42241644288	Pont94	
8.10667748256	0.0302251827668	224.868237361	11.5756593877	27.7386435867	1.42416635359	Pont94	
8.04145410131	0.0105371450628	228.821379623	11.4583711513	28.4552242344	1.42442490456	Pont94	
7.9586208925	0.00256354889304	237.77869171	11.2667432731	29.8768712472	1.41563256898	Pont94	
7.99659765101	0.000162166031743	235.641963652	13.25905672	29.4677779145	1.65808715626	Pont94	
8.64000021191	0.083082175874	231.098569584	12.7614210174	26.7475189718	1.4544494633	Pont94	
8.48709935654	0.0616565195594	227.135660835	12.4529042484	26.7624604465	1.4543364151	Pont94	
8.55212657683	0.0825198112505	234.706381752	12.2926591761	27.4442128099	1.41277667546	Pont94	
8.71354247644	0.0945332332728	228.273281393	14.0067133997	26.1975289625	1.58213905273	Pont94	
8.73670188183	0.0981866773334	218.908794945	12.8815880947	25.0562280716	1.44728259574	Pont94	
8.23845537713	0.0412070892341	230.092263798	11.702707	27.9290538414	1.41361201068	Pont94	
7.17363945915	0.0845745481996	224.725479047	17.6095674111	31.3265644764	2.42681806988	Pont94	
9.33485658519	0.142998000888	243.797094323	32.73031811	26.1168548331	3.48334761765	Pont94	
10.6479353738	0.285300032592	261.696861648	37.640855186	24.5772398556	3.47316042168	Pont94	
12.6460146442	0.514919769961	260.207452606	33.1648012359	20.5762416008	2.48511979067	Pont94	
10.4916230353	0.273395930755	193.305985449	27.5767186896	18.424793266	2.58422869203	Pont94	
11.584925485	0.396093353359	281.436933282	30.4304186626	24.2933744931	2.49194492897	Pont94	
12.1554523767	0.461961642077	213.56918752	30.8629910781	17.5698263546	2.44964877331	Pont94	
12.0848425021	0.456298057356	218.126602647	29.6606748128	18.0496024346	2.35785277273	Pont94	
9.56689642365	0.168333184314	183.812401509	31.8244482361	19.2133784426	3.30929440867	Pont94	
9.6909984483	0.182763973777	266.247713038	29.2417686399	27.4737133081	2.97259761294	Pont94	
10.880024713	0.32293890938	196.481958292	24.8214464006	18.0589625	2.2175130224	Pont94	
10.9076077601	0.328047387165	161.785794396	23.8225977006	14.8323810274	2.13799368371	Pont94	
12.7903632273	0.544481663879	195.624757566	28.1548456957	15.2946991489	2.10276080052	Pont94	
10.2958845702	0.252495150718	190.278863096	25.5515500127	18.4810602527	2.43998807691	Pont94	
10.9309680091	0.319079293867	186.760039402	31.9817738044	17.0854071887	2.8829752274	Pont94	
7.56306955976	0.042023019575	221.203531687	12.5783731926	29.2478510133	1.65517185388	Pont94	
7.60736303465	0.0373734555334	225.277280805	12.3435353485	29.6130577414	1.61604211286	Pont94	
7.54922459596	0.0394812130556	227.984861988	11.8621991634	30.1997720547	1.56335580602	Pont94	
7.17671860037	0.0257020015129	235.601999859	11.4621680996	32.828652338	1.59279898151	Pont94	
7.14158099095	0.00585701662812	226.862720964	11.1653072782	31.7664563703	1.56320525909	Pont94	
7.25458860427	0.0771010326207	191.843005633	19.1592967736	26.444367296	2.62599329094	Pont94	
6.89556194569	0.111442833131	225.361157359	17.3891754658	32.6820582766	2.46585682148	Pont94	
6.53213292408	0.147079505499	244.42026074	18.91317245	37.4181394624	2.77011460566	Pont94	
6.19160944194	0.17463251906	218.911397258	17.2012307363	35.3561379009	2.59300994636	Pont94	
5.06691056611	0.250900049601	211.257943662	17.7105323098	41.693639725	2.82045002244	Pont94	
6.85355959653	0.117406922101	230.58483877	20.1938085648	33.6445369041	2.88954979576	Pont94	
7.40837159147	0.0622784356204	242.265937262	29.864749323	32.7016449257	4.02183198729	Pont94	
7.29934365714	0.0740934951722	138.435582645	59.6192368545	18.9654836308	8.16548403855	Pont94	
10.8805977817	0.309375484266	315.058311156	43.3065688476	28.9559744306	3.894078221	Pont94	
11.7195392494	0.43002435827	258.180954627	24.4852979272	22.0299577597	1.92656040152	Pont94	
9.74962650247	0.19640411043	205.290784356	20.3560446437	21.056271674	2.04433777043	Pont94	
10.0022250294	0.228401238537	232.052655943	19.7415504391	23.2001035031	1.90128705538	Pont94	
9.60101062498	0.179718176162	212.8758352	19.3713186384	22.1722320196	1.97448480308	Pont94	
8.5229041772	0.0568036816472	207.521569404	17.1878996682	24.348692076	2.01013183933	Pont94	
10.379161114	0.286167719101	219.206263955	18.4409405021	21.1198440363	1.67859570976	Pont94	
8.86834634873	0.114023358047	244.659220017	13.3377124867	27.5879189193	1.46154152194	Pont94	
11.6303217676	0.466710707592	254.889583771	20.8341212621	21.9159528742	1.56061793195	Pont94	
9.57382142996	0.192314601284	220.380765663	15.8551985247	23.0191013354	1.59023692063	Pont94	
10.4008858581	0.301056921948	224.815044733	17.7075352716	21.6149900884	1.58337418589	Pont94	
10.0542248939	0.266082118787	226.362495044	16.439004311	22.5141666744	1.52260413512	Pont94	
8.58510322488	0.0762245114622	231.737689115	13.7311716807	26.9929997397	1.5813604619	Pont94	
10.0623614754	0.262908782768	219.243150253	16.8611615268	21.7884391044	1.57599819585	Pont94	
10.2783758993	0.301650073158	223.215730359	17.0858491048	21.7170234428	1.53527126128	Pont94	
14.4304090829	0.831746173647	210.893125271	25.7362276016	14.614493883	1.5720073529	Pont94	
10.8105690174	0.369172554234	217.070767719	18.0294005346	20.0794951098	1.5202728448	Pont94	
8.10728384356	0.0134602262082	233.651282841	11.7281402344	28.8199213632	1.44582614787	Pont94	
7.64257695553	0.0357247518426	228.186377359	14.2838986018	29.8572560914	1.8637715378	Pont94	
6.77320431073	0.0778673282176	229.636433771	12.0673734753	33.9036626146	1.73847657394	Pont94	
7.43097374923	0.0601223220105	282.416694955	43.9048171136	38.0053414916	5.90034619147	Pont94	
7.64527019936	0.0375721951278	196.489412406	555.543466939	25.7007806503	72.6648781833	Pont94	
7.54280828783	0.04834464846	270.391154588	47.4934431598	35.8475443456	6.29232661573	Pont94	
6.1248363423	0.196761956469	173.755266431	41.0968199759	28.3689647723	6.6476837777	Pont94	
6.6525590173	0.141452138382	247.363201679	36.2117666555	37.1831653106	5.38556035325	Pont94	
6.89410368856	0.115991767221	293.697876203	32.0439807629	42.6013140317	4.59243011358	Pont94	
7.23651653525	0.0807716056398	202.968210425	71.6475577639	28.047778159	9.89588456994	Pont94	
5.73665305478	0.23857949819	348.629102961	64.1713017761	60.7722132804	10.8969249277	Pont94	
7.27111267977	0.0769078418092	288.636249598	44.2533362087	39.6962971569	6.07168443335	Pont94	
7.18428847488	0.0860674188846	310.9725954	46.4336434477	43.2850930871	6.44238519184	Pont94	
6.78289820367	0.128879077404	405.357907543	190.841889308	59.761756018	28.1128213798	Pont94	
7.27372538985	0.0768050259464	237.668977613	66.7499325716	32.6750000687	9.17036805573	Pont94	
6.47161731092	0.161796153854	265.78589921	148.090971435	41.0694709593	22.8600997815	Pont94	
5.69648979537	0.234665455852	193.553753665	24.9665384184	33.9777232328	4.15327681923	Pont94	
6.682706347	0.13898975554	155.310310949	53.7700076192	23.240630799	8.03161031195	Pont94	
6.59463190743	0.148849199723	108.599561148	575.19832414	16.4678730629	87.2214111698	Pont94	
7.29515629442	0.0743062095442	156.249820981	35.9664657575	21.4182965622	4.92535525251	Pont94	
6.56207116724	0.149823397034	257.170800719	29.2727497573	39.1904924778	4.37023966661	Pont94	
6.61531584735	0.142814430453	249.385852171	25.3323936499	37.6982532543	3.7418730386	Pont94	
5.66944436958	0.226084566419	248.405525766	20.125747956	43.8147919925	3.09009638999	Pont94	
6.30922623587	0.16935510763	202.317733237	19.6326119142	32.0669644222	2.99031203214	Pont94	
7.22895555711	0.0806725244848	225.733665888	24.708411473	31.2263181181	3.40016758379	Pont94	
6.47433462057	0.153822550243	210.967021401	19.7097547866	32.5851278572	2.94420497586	Pont94	
6.4055219953	0.162021002738	214.375845819	21.2654157046	33.4673498859	3.21011683204	Pont94	
5.85903504509	0.208481071247	226.082651578	19.4349274112	38.5870113146	3.01957591082	Pont94	
6.8741351574	0.117029460357	271.560879966	24.4581739269	39.5047338681	3.49385718538	Pont94	
6.50623111838	0.154577438399	205.025250405	25.1015426719	31.5121376223	3.78473821062	Pont94	
7.60736154724	0.0405590597202	236.446106847	15.7352666298	31.0812238091	2.06177765797	Pont94	
7.38996824025	0.0627687349046	200.35063704	17.0179032259	27.1111634755	2.29129613047	Pont94	
7.33061406142	0.0688128670636	227.373523245	17.3477881876	31.0169818436	2.34850552776	Pont94	
8.04386318954	0.00467477550597	219.628669747	16.3654999121	27.3038793142	2.03447047386	Pont94	
8.14208276982	0.0215752166307	240.239074435	11.420792381	29.5058501893	1.40050611022	Pont94	
8.3909487113	0.0593091203134	228.381030653	11.8964303596	27.217545776	1.40465658189	Pont94	
8.23199279089	0.0446147537786	240.618065374	11.8239194984	29.2296253757	1.42757482879	Pont94	
7.69981539838	0.0137912663583	224.461337849	11.1760740174	29.1515219827	1.45053353619	Pont94	
8.72897274867	0.128662994487	238.475125196	12.7001489505	27.3199529959	1.39810487142	Pont94	
8.44397179485	0.0746793391243	222.242824369	11.9710033454	26.3197023591	1.39845783345	Pont94	
7.82334741707	0.0512089704994	216.725810412	11.3700119453	27.7024397433	1.44198710033	Pont94	
8.01881377875	0.0914827180142	209.392279427	11.9467149851	26.1126252841	1.45974734767	Pont94	
8.10193947872	0.0479948881691	227.284326872	11.6672323506	28.0530763614	1.43043331104	Pont94	
8.0608041714	0.00741387458814	219.839856712	11.4160531521	27.2726953834	1.41602030772	Pont94	
8.31486921192	0.0469041229459	223.93176256	11.7422235263	26.9314834488	1.4040004428	Pont94	
8.14418726492	0.0198928192802	224.206897059	11.5407861537	27.529683413	1.41546170895	Pont94	
8.01613262405	0.00635308206813	232.944629471	11.1866095125	29.0594779796	1.39532197456	Pont94	
10.2438173025	0.40223523784	214.116416374	16.8519873031	20.9020143616	1.42572783169	Pont94	
8.39209392338	0.0933489243828	235.344537798	12.2502312542	28.0436015072	1.42601481725	Pont94	
8.23771568544	0.0772855478219	215.824973107	11.9442823113	26.1996142315	1.42896409318	Pont94	
8.10180594494	0.0319546223325	221.790842347	11.3411057303	27.3754819425	1.39565407394	Pont94	
8.99195668265	0.23032526189	231.876557394	14.1391231899	25.7871079207	1.42695711818	Pont94	
7.86012763336	0.0132460560084	241.134971655	11.6989462218	30.6782514105	1.4874932097	Pont94	
7.6774307728	0.0323329019495	227.689159318	12.9218504048	29.6569472336	1.67845509483	Pont94	
7.64423577632	0.03290463661	221.289272835	11.9099545562	28.948514843	1.55303975668	Pont94	
7.3121488597	0.042563310892	230.196901191	11.4224324815	31.4814298242	1.55133136921	Pont94	
7.31407579183	0.0347850336341	230.561903436	11.5408709114	31.5230399572	1.57076040346	Pont94	
13.246142251	0.539449252182	229.792653863	32.1020489558	17.3478926549	2.31823818525	Pont97	
10.4873388178	0.284717935539	217.71434078	18.9388534237	20.7597317644	1.71567760018	Pont97	
10.1823378916	0.246471668461	219.688999193	18.4556868793	21.5754968585	1.73564969419	Pont97	
18.5235361569	1.19046384477	213.844235426	33.5838978121	11.5444607128	1.65428034439	Pont97	
17.8326292698	1.0543444747	200.827955869	35.6657077052	11.261825322	1.88593358647	Pont97	
13.1068578835	0.537013697243	220.465506812	28.7164483879	16.8206223622	2.07973409211	Pont97	
11.2257546001	0.327870034323	205.807429062	27.79789643	18.3335050867	2.41767329393	Pont97	
13.7977887861	0.582165356636	236.092940104	40.1490697556	17.1109257985	2.81883446782	Pont97	
15.3813486045	0.762686878753	282.545218363	37.399439534	18.3693397522	2.25442946406	Pont97	
13.9743234143	0.62131421508	213.101869675	31.9124885369	15.2495303964	2.18068018027	Pont97	
12.4573255206	0.462218930697	194.103609831	28.3379282086	15.5814833216	2.2001074268	Pont97	
13.3839601349	0.534291165206	233.099772442	45.112283072	17.4163528651	3.29813661491	Pont97	
12.5690713624	0.462290796634	223.674932082	33.4751257211	17.795660923	2.58161369484	Pont97	
11.520867873	0.355105031323	234.079530801	30.2040352904	20.317873044	2.54578397007	Pont97	
13.0824912495	0.498991424797	288.273502203	55.5807396023	22.0350617253	4.16452085213	Pont97	
13.2847839977	0.521170901613	220.204891617	50.07872646	16.5757223945	3.7131191974	Pont97	
12.3772674811	0.444554110646	222.449572509	31.9239008689	17.9724299283	2.49715258693	Pont97	
11.7680256453	0.374844549971	213.100013632	36.6724383099	18.1083913355	3.06243144441	Pont97	
11.5372919877	0.35658698293	199.36627503	30.8127210205	17.2801620383	2.61675903383	Pont97	
10.8338066746	0.28156750115	188.63113291	32.1803003951	17.4113438217	2.93568815108	Pont97	
12.8738725421	0.488209718165	218.041526352	37.8070111006	16.936747326	2.86562718725	Pont97	
10.5727801682	0.253273781041	146.754643232	36.461881424	13.8804213175	3.43258876206	Pont97	
14.4950229457	0.640151067507	140.905985929	55.593050035	9.7209908847	3.81121621956	Pont97	
12.3947421154	0.433143280321	214.357551729	46.5348847312	17.2942324845	3.705443057	Pont97	
14.0495816377	0.596923440697	178.162307185	52.4642979672	12.6809688559	3.69515317444	Pont97	
11.7600273009	0.396984806359	234.393688333	24.7370087006	19.931389812	1.9929731501	Pont97	
13.9340808575	0.702408341017	204.987146084	24.5586051564	14.7112068733	1.59887695283	Pont97	
10.4848617579	0.272140791122	234.69580085	20.0335612757	22.3842532472	1.82023818474	Pont97	
11.0494878351	0.356707847447	244.960576977	19.8970603332	22.1694055536	1.65238915529	Pont97	
10.7335510827	0.304357424497	191.312943847	19.8466566348	17.8238257193	1.7786160564	Pont97	
10.8659399864	0.330228372938	225.90636379	19.7816973913	20.7903194819	1.70736094051	Pont97	
12.5419419544	0.774044068374	232.792208981	23.7338181969	18.5610976217	1.50624816303	Pont97	
10.3082241384	0.26740172928	198.822293673	31.8536208644	19.2877348225	3.04934230308	DemersBattinelli07	
10.150166422	0.2457198367	243.713698064	34.1304746756	24.0108080924	3.31193230845	DemersBattinelli07	
10.3838088704	0.266339288194	202.249160208	33.8338180125	19.4773577531	3.2197971631	DemersBattinelli07	
10.8950266044	0.323931599534	227.643737659	35.2852214864	20.8942801082	3.17851427439	DemersBattinelli07	
10.375305336	0.262468642949	181.797856583	36.1604299816	17.522169295	3.45693703518	DemersBattinelli07	
12.5074905929	0.503251241032	159.782901684	41.4014270947	12.7749767626	3.26997771559	DemersBattinelli07	
10.4169787855	0.265733769614	241.636279772	38.4114696894	23.1963878153	3.63960193714	DemersBattinelli07	
11.2819982446	0.361902480965	261.490672571	42.6812835773	23.177691301	3.70935378847	DemersBattinelli07	
11.3763355911	0.371999222691	173.936259058	38.5491683023	15.2893045098	3.35145527679	DemersBattinelli07	
11.0282011169	0.329779938424	246.572928301	39.3237251343	22.358399678	3.50249996321	DemersBattinelli07	
13.7594672555	0.627441751923	239.767171727	55.7212581318	17.4256144714	3.97094186618	DemersBattinelli07	
11.5770317787	0.38562863274	259.155435805	44.1445353882	22.3853091845	3.7394972679	DemersBattinelli07	
12.1730910597	0.456381783056	298.891843252	44.0328045491	24.5534878353	3.49813206567	DemersBattinelli07	
10.1407228273	0.227263090064	220.106162982	40.5013874928	21.7051749398	3.96420221238	DemersBattinelli07	
13.6009015146	0.604306181526	302.125256808	53.0511062958	22.2136199196	3.77362191463	DemersBattinelli07	
14.7979672569	0.688150844962	295.615548767	124.575220567	19.9767673244	8.36698678165	DemersBattinelli07	
12.3524931181	0.440263291161	288.677653418	107.121967314	23.369991034	8.63199842886	DemersBattinelli07	
13.1283317428	0.515151206143	300.457031364	195.393165876	22.886154711	14.8562019922	DemersBattinelli07	
12.7345520757	0.475442866104	161.121867949	186.886493223	12.6523388488	14.6679407927	DemersBattinelli07	
13.4146213013	0.544359124532	231.121299091	188.824447519	17.2290587933	14.0586439171	DemersBattinelli07	
12.7018385868	0.477065873253	197.355168967	102.90028417	15.5375277066	8.08016565144	DemersBattinelli07	
12.6008703348	0.466927044883	188.302441749	109.904703234	14.9436060166	8.70439758141	DemersBattinelli07	
14.3412383055	0.645022551412	167.722611778	119.866620412	11.6951275897	8.34160964894	DemersBattinelli07	
11.1100717209	0.316157180746	219.218128263	77.408398772	19.7314773271	6.94474570922	DemersBattinelli07	
12.3547120992	0.443785511325	273.303346057	95.8871930666	22.1213852546	7.72039989643	DemersBattinelli07	
9.995030049	0.201584606273	240.066206423	80.0041515933	24.0185577478	7.98972161296	DemersBattinelli07	
10.7200845991	0.276543099701	245.068386586	70.5711235169	22.8606765478	6.55660715721	DemersBattinelli07	
11.3613355862	0.343078455469	288.032731886	75.5653743964	25.352013388	6.6068941955	DemersBattinelli07	
12.04112721	0.41268655338	223.310307521	82.6688590248	18.5456314535	6.83605536488	DemersBattinelli07	
15.4454450848	0.761266191392	202.0719826	105.605979834	13.0829497947	6.80687991808	DemersBattinelli07	
16.6168937568	0.881284662621	193.836947955	108.855675445	11.6650530955	6.52162563359	DemersBattinelli07	
12.1726174801	0.421427776755	221.860373145	115.915518787	18.2261845909	9.50171576618	DemersBattinelli07	
22.1702878065	1.4483839921	157.376404322	138.783689581	7.09852779972	6.24269440909	DemersBattinelli07	
13.4860412018	0.565725547629	166.079912879	78.9096398972	12.3149492423	5.82835884099	DemersBattinelli07	
14.4310952487	0.658899186709	120.644436572	96.2970037327	8.36003328181	6.6619563939	DemersBattinelli07	
13.0903360283	1.24222175251	290.019264713	50.5281144582	22.1552192461	3.23712629513	DemersBattinelli07	
13.1304574375	1.24221685696	209.393854148	46.013047756	15.9471865428	3.16290188603	DemersBattinelli07	
12.119746089	1.07894321115	129.983027333	37.3087234103	10.7248969061	2.92653483132	DemersBattinelli07	
12.2351285511	1.06803042187	250.654009512	41.6065948672	20.4864222281	2.89239509269	DemersBattinelli07	
11.1778193372	0.871439160329	257.506470938	38.9906143954	23.0372725816	2.99030829369	DemersBattinelli07	
12.5686812047	1.05231941594	249.520797691	42.0433679039	19.8525838651	2.90289918821	DemersBattinelli07	
14.5985260442	1.32916946713	199.606807211	47.5257855353	13.6730795018	3.00809041211	DemersBattinelli07	
11.1027702954	0.77058120342	239.504602391	37.3120412531	21.5716074473	3.00868303189	DemersBattinelli07	
10.3479597556	0.57172996897	216.142989949	29.9749565213	20.8874981208	2.65688984251	DemersBattinelli07	
11.0403436036	0.668155181464	234.780682935	35.3095239704	21.2657043445	2.92785195056	DemersBattinelli07	
10.4270631208	0.550341139467	231.099591185	37.0348810488	22.1634403194	3.35364062001	DemersBattinelli07	
10.2403060073	0.379988850598	189.200695203	27.7428247584	18.4760782606	2.62099440334	DemersBattinelli07	
10.5572215333	0.411355137215	215.355676482	29.8273120847	20.3988971722	2.71119217061	DemersBattinelli07	
9.4963174849	0.234769075037	189.683796783	25.4374222485	19.9744582134	2.63275131257	DemersBattinelli07	
9.33513117134	0.209225147009	202.869701141	24.0993532855	21.7318532989	2.5352120655	DemersBattinelli07	
9.43453598076	0.221062008589	217.703490953	25.113639569	23.0751667488	2.60639476239	DemersBattinelli07	
10.4676501488	0.371915834135	215.882670673	28.1262815582	20.6237949879	2.58512571492	DemersBattinelli07	
10.4169662585	0.358428344242	264.930744542	29.0659799399	25.4326200131	2.64947839475	DemersBattinelli07	
9.60693846225	0.238701010022	188.232712844	25.8779750908	19.5934129883	2.64931731614	DemersBattinelli07	
10.2500160197	0.303072154722	230.973169059	32.5570228276	22.5339324947	3.1056215637	DemersBattinelli07	
13.7869879229	1.39508067775	174.014608955	44.4054250745	12.6216552831	2.95677958067	Battinelli12	
15.5856631401	1.79040586467	216.032025322	56.7480370674	13.8609453688	3.27442021634	Battinelli12	
12.7250250456	1.20792503582	190.329316644	41.2724154142	14.9570877827	2.91613366911	Battinelli12	
12.1450613912	1.10730066639	179.515524957	39.0628086656	14.7809483357	2.92041833463	Battinelli12	
17.0843465298	1.73250739107	300.675889933	56.9060835932	17.5994960889	2.81238400128	Battinelli12	
12.1542873575	1.29934097814	370.631033982	55.4456350472	30.4938515176	3.19110426086	Battinelli12	
15.4072520633	1.72670624178	260.113178681	57.6471691567	16.8825159485	3.22791870956	Battinelli12	
14.2355392157	1.33815041179	229.207917963	45.8171092419	16.1011054439	2.84042721142	Battinelli12	
13.0463913256	1.1954960965	221.400240728	41.5773706456	16.9702284105	2.7817357905	Battinelli12	
12.7589058254	1.14025134357	233.252820546	43.2844944982	18.2815692613	2.97316038525	Battinelli12	
13.2872998571	1.13410508116	188.142773891	40.4053234211	14.1595941925	2.79042093954	Battinelli12	
15.1628494559	1.58456792972	219.266121127	50.1737795689	14.4607464293	2.94376105745	Battinelli12	
12.4256165875	0.967209648506	219.129926718	37.4281790343	17.6353362567	2.68119793121	Battinelli12	
13.5093229034	1.11045856787	293.476630522	42.9605831291	21.7240073852	2.63137095052	Battinelli12	
14.8898590852	1.29017143098	195.207688062	43.1297117969	13.1101098369	2.66454252447	Battinelli12	
15.0083287609	1.26346767705	181.637410663	41.8181914588	12.1024408218	2.59337977557	Battinelli12	
15.3127549104	1.28484433193	213.781037883	43.2409740916	13.960978226	2.56942023813	Battinelli12	
13.8487608961	1.06240161067	338.983062415	47.9488514699	24.4775012695	2.90888363783	Battinelli12	
15.2690628955	1.37188476717	191.76892607	44.3226724128	12.5593120797	2.67446743662	Battinelli12	
18.2632308204	1.47589220467	276.912467801	51.1792821213	15.1622936009	2.52023795782	Battinelli12	
16.9688026536	1.54336861231	256.832403029	51.1740153494	15.1355642629	2.68323744052	Battinelli12	
13.9624650523	1.04531839983	202.175413053	38.8237053726	14.479922585	2.56055150525	Battinelli12	
24.0558873454	2.28174921856	196.13040754	66.3958283764	8.15311465022	2.64951103669	Battinelli12	
17.7917998184	1.36902409989	163.788828175	48.6160709093	9.20586055635	2.63908543616	Battinelli12	
13.6832531006	0.767066672245	284.866667799	38.9833487653	20.818636161	2.59897180766	Battinelli12	
21.4869829576	1.74968870714	314.477308097	62.051202233	14.6357126414	2.6304605207	Battinelli12	
14.3962969082	0.811707639664	183.28042986	40.2668261	12.7310815433	2.70334901251	Battinelli12	
17.0668345368	1.14041181712	159.788852792	47.2820831067	9.36253600201	2.69884630692	Battinelli12	
16.0918987679	0.990793980311	215.188361475	46.1049664026	13.3724655231	2.74424983647	Battinelli12	
13.8144971441	0.715884116778	275.563269355	40.6697632476	19.9473977576	2.75654743937	Battinelli12	
12.345765358	0.504531005702	164.943668384	38.1542380118	13.3603436969	3.04185900476	Battinelli12	
13.740077119	0.655853523403	232.382616321	43.7850767837	16.9127592449	3.08271535373	Battinelli12	
21.7073279997	1.5213043341	227.603056423	71.4790600299	10.485079344	3.20981701578	Battinelli12	
24.8164846469	1.81348859335	349.797745648	90.6059987941	14.0953785609	3.50273184085	Battinelli12	
20.4298767398	1.34667702977	204.247471843	74.3818443282	9.99748918922	3.58069883734	Battinelli12	
